[
 [ "EKagan", "SGBreyer", "SSotomayor", "ACBarrett", "JGRoberts", "BMKavanaugh", "SAAlito", "CThomas", "NMGorsuch" ],
[ [       65,       60,       58,       38,       46,       48,       37,       44,       46 ],
[       60,       65,       61,       35,       47,       49,       38,       41,       43 ],
[       58,       61,       65,       33,       43,       45,       37,       39,       41 ],
[       38,       35,       33,       53,       46,       48,       44,       44,       47 ],
[       46,       47,       43,       46,       65,       63,       54,       49,       53 ],
[       48,       49,       45,       48,       63,       65,       54,       49,       55 ],
[       37,       38,       37,       44,       54,       54,       64,       52,       56 ],
[       44,       41,       39,       44,       49,       49,       52,       65,       57 ],
[       46,       43,       41,       47,       53,       55,       56,       57,       65 ] ] 
]
