[
 [ "WODouglas", "WBRutledge", "HLBlack", "FMurphy", "RHJackson", "FFrankfurter", "FMVinson", "HHBurton", "SFReed" ],
[ [      136,      102,      108,      113,       82,       86,       97,       96,       97 ],
[      102,      141,      118,      119,       86,       87,       95,       98,      100 ],
[      108,      118,      138,      123,       85,       83,       98,       96,       97 ],
[      113,      119,      123,      138,       85,       83,       96,       90,       93 ],
[       82,       86,       85,       85,      134,      110,      105,      101,      105 ],
[       86,       87,       83,       83,      110,      141,      111,      106,      103 ],
[       97,       95,       98,       96,      105,      111,      138,      114,      109 ],
[       96,       98,       96,       90,      101,      106,      114,      140,      115 ],
[       97,      100,       97,       93,      105,      103,      109,      115,      138 ] ],
[ "WODouglas", "WBRutledge", "HLBlack", "FMurphy", "RHJackson", "FFrankfurter", "FMVinson", "HHBurton", "SFReed" ],
[ [        1,     0.75, 0.8120301, 0.8496241, 0.6307692, 0.6323529, 0.7238806, 0.7111111, 0.7238806 ],
[     0.75,        1, 0.8550725, 0.8623188, 0.641791, 0.6170213, 0.6884058,      0.7, 0.7246377 ],
[ 0.8120301, 0.8550725,        1, 0.9111111, 0.6439394, 0.6014493, 0.7259259, 0.7007299, 0.7185185 ],
[ 0.8496241, 0.8623188, 0.9111111,        1, 0.6390977, 0.6014493, 0.7111111, 0.6569343, 0.6888889 ],
[ 0.6307692, 0.641791, 0.6439394, 0.6390977,        1, 0.8208955, 0.8015267, 0.7593985, 0.7954545 ],
[ 0.6323529, 0.6170213, 0.6014493, 0.6014493, 0.8208955,        1, 0.8043478, 0.7571429, 0.7463768 ],
[ 0.7238806, 0.6884058, 0.7259259, 0.7111111, 0.8015267, 0.8043478,        1, 0.8321168, 0.8014706 ],
[ 0.7111111,      0.7, 0.7007299, 0.6569343, 0.7593985, 0.7571429, 0.8321168,        1, 0.8394161 ],
[ 0.7238806, 0.7246377, 0.7185185, 0.6888889, 0.7954545, 0.7463768, 0.8014706, 0.8394161,        1 ] ] 
]
