[
 [ "WBRutledge", "FMurphy", "WODouglas", "HLBlack", "HHBurton", "SFReed", "FMVinson", "RHJackson", "FFrankfurter" ],
[ [      121,      100,       97,       99,       71,       72,       69,       57,       69 ],
[      100,      118,       89,       94,       68,       69,       72,       64,       76 ],
[       97,       89,      120,      100,       64,       71,       66,       53,       66 ],
[       99,       94,      100,      122,       74,       77,       74,       59,       73 ],
[       71,       68,       64,       74,      122,       99,      102,       90,       91 ],
[       72,       69,       71,       77,       99,      120,      105,       81,       79 ],
[       69,       72,       66,       74,      102,      105,      121,       89,       84 ],
[       57,       64,       53,       59,       90,       81,       89,      118,       94 ],
[       69,       76,       66,       73,       91,       79,       84,       94,      122 ] ],
[ "WBRutledge", "FMurphy", "WODouglas", "HLBlack", "HHBurton", "SFReed", "FMVinson", "RHJackson", "FFrankfurter" ],
[ [        1, 0.8474576, 0.8151261, 0.8181818, 0.5867769, 0.605042,    0.575, 0.4830508, 0.5702479 ],
[ 0.8474576,        1, 0.7672414, 0.7966102, 0.5762712, 0.5948276, 0.6153846, 0.5517241, 0.6440678 ],
[ 0.8151261, 0.7672414,        1, 0.8333333, 0.5333333, 0.6016949, 0.5546218, 0.4529915,     0.55 ],
[ 0.8181818, 0.7966102, 0.8333333,        1, 0.6065574, 0.6416667, 0.6115702,      0.5, 0.5983607 ],
[ 0.5867769, 0.5762712, 0.5333333, 0.6065574,        1,    0.825, 0.8429752, 0.7627119, 0.7459016 ],
[ 0.605042, 0.5948276, 0.6016949, 0.6416667,    0.825,        1, 0.8823529, 0.6923077, 0.6583333 ],
[    0.575, 0.6153846, 0.5546218, 0.6115702, 0.8429752, 0.8823529,        1, 0.7606838, 0.6942149 ],
[ 0.4830508, 0.5517241, 0.4529915,      0.5, 0.7627119, 0.6923077, 0.7606838,        1, 0.7966102 ],
[ 0.5702479, 0.6440678,     0.55, 0.5983607, 0.7459016, 0.6583333, 0.6942149, 0.7966102,        1 ] ] 
]
