[
 [ "WODouglas", "FFrankfurter", "RHJackson", "HLBlack", "TCClark", "FMVinson", "HHBurton", "SFReed", "SMinton" ],
[ [       24,        8,       10,       22,       11,       16,       18,       16,       16 ],
[        8,       96,       77,       53,       57,       60,       58,       60,       58 ],
[       10,       77,       94,       53,       60,       69,       61,       62,       62 ],
[       22,       53,       53,       98,       58,       64,       64,       57,       61 ],
[       11,       57,       60,       58,       82,       77,       73,       69,       72 ],
[       16,       60,       69,       64,       77,       96,       87,       81,       82 ],
[       18,       58,       61,       64,       73,       87,       98,       80,       79 ],
[       16,       60,       62,       57,       69,       81,       80,       99,       80 ],
[       16,       58,       62,       61,       72,       82,       79,       80,       92 ] ],
[ "FFrankfurter", "RHJackson", "HLBlack", "WODouglas", "SFReed", "HHBurton", "SMinton", "FMVinson", "TCClark" ],
[ [        1, 0.8461538, 0.5578947, 0.3478261,    0.625, 0.6105263, 0.6444444, 0.6451613,   0.7125 ],
[ 0.8461538,        1, 0.5698925, 0.4761905, 0.6595745, 0.655914, 0.7126437, 0.7582418, 0.7594937 ],
[ 0.5578947, 0.5698925,        1, 0.9166667, 0.5816327, 0.6597938, 0.6703297, 0.6736842, 0.7160494 ],
[ 0.3478261, 0.4761905, 0.9166667,        1, 0.6666667,     0.75, 0.6956522, 0.6956522, 0.6470588 ],
[    0.625, 0.6595745, 0.5816327, 0.6666667,        1, 0.8163265, 0.8695652,  0.84375, 0.8414634 ],
[ 0.6105263, 0.655914, 0.6597938,     0.75, 0.8163265,        1, 0.8681319, 0.9157895, 0.9012346 ],
[ 0.6444444, 0.7126437, 0.6703297, 0.6956522, 0.8695652, 0.8681319,        1, 0.9213483, 0.9473684 ],
[ 0.6451613, 0.7582418, 0.6736842, 0.6956522,  0.84375, 0.9157895, 0.9213483,        1, 0.9746835 ],
[   0.7125, 0.7594937, 0.7160494, 0.6470588, 0.8414634, 0.9012346, 0.9473684, 0.9746835,        1 ] ] 
]
