[
 [ "WODouglas", "HLBlack", "RHJackson", "FFrankfurter", "TCClark", "SFReed", "FMVinson", "SMinton", "HHBurton" ],
[ [       98,       71,       58,       60,       56,       65,       61,       55,       60 ],
[       71,       97,       52,       62,       53,       54,       58,       55,       58 ],
[       58,       52,       96,       72,       62,       71,       68,       68,       68 ],
[       60,       62,       72,       99,       57,       66,       68,       69,       70 ],
[       56,       53,       62,       57,       84,       70,       72,       65,       68 ],
[       65,       54,       71,       66,       70,       98,       82,       77,       77 ],
[       61,       58,       68,       68,       72,       82,       96,       80,       78 ],
[       55,       55,       68,       69,       65,       77,       80,       96,       80 ],
[       60,       58,       68,       70,       68,       77,       78,       80,       97 ] ],
[ "WODouglas", "HLBlack", "SMinton", "HHBurton", "SFReed", "TCClark", "FMVinson", "RHJackson", "FFrankfurter" ],
[ [        1, 0.7395833, 0.5789474,    0.625, 0.6701031, 0.6666667, 0.6421053, 0.6105263, 0.6122449 ],
[ 0.7395833,        1, 0.5851064, 0.6105263,   0.5625, 0.6385542, 0.6170213, 0.5531915, 0.6391753 ],
[ 0.5789474, 0.5851064,        1, 0.8510638, 0.8105263, 0.8024691, 0.8602151, 0.7311828,  0.71875 ],
[    0.625, 0.6105263, 0.8510638,        1, 0.8020833, 0.8192771, 0.8297872, 0.7234043, 0.7216495 ],
[ 0.6701031,   0.5625, 0.8105263, 0.8020833,        1, 0.8433735, 0.8631579, 0.7473684, 0.6734694 ],
[ 0.6666667, 0.6385542, 0.8024691, 0.8192771, 0.8433735,        1, 0.8888889, 0.7560976, 0.6785714 ],
[ 0.6421053, 0.6170213, 0.8602151, 0.8297872, 0.8631579, 0.8888889,        1, 0.7311828, 0.7083333 ],
[ 0.6105263, 0.5531915, 0.7311828, 0.7234043, 0.7473684, 0.7560976, 0.7311828,        1,     0.75 ],
[ 0.6122449, 0.6391753,  0.71875, 0.7216495, 0.6734694, 0.6785714, 0.7083333,     0.75,        1 ] ] 
]
