[
 [ "WODouglas", "HLBlack", "TCClark", "FMVinson", "SFReed", "SMinton", "HHBurton", "RHJackson", "FFrankfurter" ],
[ [      114,       72,       50,       56,       56,       54,       52,       39,       62 ],
[       72,      113,       62,       63,       62,       65,       62,       59,       74 ],
[       50,       62,      106,       95,       92,       93,       93,       78,       70 ],
[       56,       63,       95,      115,       93,       93,       95,       78,       67 ],
[       56,       62,       92,       93,      113,       96,       92,       81,       74 ],
[       54,       65,       93,       93,       96,      115,       99,       78,       70 ],
[       52,       62,       93,       95,       92,       99,      114,       79,       76 ],
[       39,       59,       78,       78,       81,       78,       79,      104,       76 ],
[       62,       74,       70,       67,       74,       70,       76,       76,      113 ] ],
[ "RHJackson", "FMVinson", "TCClark", "SFReed", "SMinton", "HHBurton", "WODouglas", "FFrankfurter", "HLBlack" ],
[ [        1, 0.7572816, 0.8210526, 0.7864078, 0.7572816, 0.7745098, 0.3823529, 0.7524752, 0.5784314 ],
[ 0.7572816,        1, 0.9047619, 0.8303571, 0.8157895, 0.840708, 0.4955752, 0.5982143,   0.5625 ],
[ 0.8210526, 0.9047619,        1, 0.8932039, 0.8857143, 0.8857143, 0.4761905, 0.6796117, 0.6019417 ],
[ 0.7864078, 0.8303571, 0.8932039,        1, 0.8571429, 0.8288288, 0.5045045, 0.6727273, 0.5636364 ],
[ 0.7572816, 0.8157895, 0.8857143, 0.8571429,        1, 0.8684211, 0.4778761,    0.625, 0.5803571 ],
[ 0.7745098, 0.840708, 0.8857143, 0.8288288, 0.8684211,        1, 0.4642857, 0.6846847, 0.5585586 ],
[ 0.3823529, 0.4955752, 0.4761905, 0.5045045, 0.4778761, 0.4642857,        1, 0.5535714, 0.6486486 ],
[ 0.7524752, 0.5982143, 0.6796117, 0.6727273,    0.625, 0.6846847, 0.5535714,        1, 0.6727273 ],
[ 0.5784314,   0.5625, 0.6019417, 0.5636364, 0.5803571, 0.5585586, 0.6486486, 0.6727273,        1 ] ] 
]
