[
 [ "HLBlack", "WODouglas", "FFrankfurter", "RHJackson", "EWarren", "TCClark", "SMinton", "HHBurton", "SFReed" ],
[ [       83,       67,       53,       45,       54,       52,       50,       47,       42 ],
[       67,       81,       47,       42,       49,       47,       49,       44,       39 ],
[       53,       47,       86,       64,       61,       66,       64,       67,       59 ],
[       45,       42,       64,       77,       53,       60,       60,       61,       53 ],
[       54,       49,       61,       53,       79,       69,       58,       61,       58 ],
[       52,       47,       66,       60,       69,       81,       63,       69,       62 ],
[       50,       49,       64,       60,       58,       63,       86,       67,       63 ],
[       47,       44,       67,       61,       61,       69,       67,       86,       72 ],
[       42,       39,       59,       53,       58,       62,       63,       72,       81 ] ],
[ "HLBlack", "WODouglas", "SMinton", "HHBurton", "SFReed", "EWarren", "TCClark", "FFrankfurter", "RHJackson" ],
[ [        1,   0.8375, 0.6024096, 0.5662651, 0.5384615, 0.7105263, 0.6582278, 0.6385542, 0.6081081 ],
[   0.8375,        1, 0.6049383, 0.5432099, 0.5131579, 0.6621622, 0.6184211, 0.5802469, 0.5753425 ],
[ 0.6024096, 0.6049383,        1, 0.7790698, 0.7777778, 0.7341772, 0.7777778, 0.744186, 0.7792208 ],
[ 0.5662651, 0.5432099, 0.7790698,        1, 0.8888889, 0.7721519, 0.8518519, 0.7790698, 0.7922078 ],
[ 0.5384615, 0.5131579, 0.7777778, 0.8888889,        1, 0.7837838, 0.8157895, 0.7283951, 0.7260274 ],
[ 0.7105263, 0.6621622, 0.7341772, 0.7721519, 0.7837838,        1, 0.9324324, 0.7721519, 0.7571429 ],
[ 0.6582278, 0.6184211, 0.7777778, 0.8518519, 0.8157895, 0.9324324,        1, 0.8148148, 0.8108108 ],
[ 0.6385542, 0.5802469, 0.744186, 0.7790698, 0.7283951, 0.7721519, 0.8148148,        1, 0.8311688 ],
[ 0.6081081, 0.5753425, 0.7792208, 0.7922078, 0.7260274, 0.7571429, 0.8108108, 0.8311688,        1 ] ] 
]
