[
 [ "JHarlan2", "HHBurton", "SFReed", "SMinton", "HLBlack", "WODouglas", "FFrankfurter", "EWarren", "TCClark" ],
[ [       18,       12,       10,       12,       12,       12,       16,       12,       12 ],
[       12,       93,       76,       73,       63,       55,       76,       72,       75 ],
[       10,       76,       95,       80,       58,       52,       63,       64,       70 ],
[       12,       73,       80,       95,       67,       58,       72,       75,       77 ],
[       12,       63,       58,       67,       94,       79,       74,       78,       78 ],
[       12,       55,       52,       58,       79,       94,       65,       73,       70 ],
[       16,       76,       63,       72,       74,       65,       95,       77,       77 ],
[       12,       72,       64,       75,       78,       73,       77,       93,       86 ],
[       12,       75,       70,       77,       78,       70,       77,       86,       94 ] ],
[ "SFReed", "HHBurton", "SMinton", "FFrankfurter", "JHarlan2", "EWarren", "TCClark", "HLBlack", "WODouglas" ],
[ [        1, 0.8172043, 0.8421053, 0.6631579, 0.5555556, 0.688172, 0.7446809, 0.6170213, 0.5531915 ],
[ 0.8172043,        1, 0.7849462, 0.8172043, 0.7058824, 0.7826087, 0.8152174, 0.6847826, 0.5978261 ],
[ 0.8421053, 0.7849462,        1, 0.7578947, 0.6666667, 0.8064516, 0.8191489, 0.712766, 0.6170213 ],
[ 0.6631579, 0.8172043, 0.7578947,        1, 0.8888889, 0.827957, 0.8191489, 0.787234, 0.6914894 ],
[ 0.5555556, 0.7058824, 0.6666667, 0.8888889,        1, 0.6666667, 0.6666667, 0.7058824, 0.6666667 ],
[ 0.688172, 0.7826087, 0.8064516, 0.827957, 0.6666667,        1, 0.9247312, 0.8478261, 0.7934783 ],
[ 0.7446809, 0.8152174, 0.8191489, 0.8191489, 0.6666667, 0.9247312,        1, 0.8387097, 0.7526882 ],
[ 0.6170213, 0.6847826, 0.712766, 0.787234, 0.7058824, 0.8478261, 0.8387097,        1, 0.8494624 ],
[ 0.5531915, 0.5978261, 0.6170213, 0.6914894, 0.6666667, 0.7934783, 0.7526882, 0.8494624,        1 ] ] 
]
