[
 [ "WJBrennan", "WODouglas", "EWarren", "HLBlack", "FFrankfurter", "JHarlan2", "CEWhittaker", "HHBurton", "TCClark" ],
[ [      150,      124,      126,      126,      100,      101,       99,      100,      101 ],
[      124,      152,      126,      134,       76,       77,       79,       78,       77 ],
[      126,      126,      148,      138,       80,       85,       89,       86,       90 ],
[      126,      134,      138,      150,       78,       81,       87,       86,       87 ],
[      100,       76,       80,       78,      150,      130,      110,      106,       96 ],
[      101,       77,       85,       81,      130,      152,      122,      119,      109 ],
[       99,       79,       89,       87,      110,      122,      151,      120,      111 ],
[      100,       78,       86,       86,      106,      119,      120,      151,      122 ],
[      101,       77,       90,       87,       96,      109,      111,      122,      150 ] ],
[ "WJBrennan", "WODouglas", "EWarren", "HLBlack", "FFrankfurter", "JHarlan2", "CEWhittaker", "HHBurton", "TCClark" ],
[ [        1, 0.8266667, 0.8630137, 0.8513514, 0.6756757, 0.6733333, 0.6644295, 0.6711409, 0.6824324 ],
[ 0.8266667,        1, 0.8513514, 0.8933333, 0.5066667, 0.5065789, 0.5231788, 0.5165563, 0.5133333 ],
[ 0.8630137, 0.8513514,        1, 0.9452055, 0.5479452, 0.5743243, 0.6054422, 0.585034, 0.6164384 ],
[ 0.8513514, 0.8933333, 0.9452055,        1, 0.527027,     0.54, 0.5838926, 0.5771812, 0.5878378 ],
[ 0.6756757, 0.5066667, 0.5479452, 0.527027,        1, 0.8666667, 0.738255, 0.7114094, 0.6486486 ],
[ 0.6733333, 0.5065789, 0.5743243,     0.54, 0.8666667,        1, 0.807947, 0.7880795, 0.7266667 ],
[ 0.6644295, 0.5231788, 0.6054422, 0.5838926, 0.738255, 0.807947,        1,      0.8, 0.7449664 ],
[ 0.6711409, 0.5165563, 0.585034, 0.5771812, 0.7114094, 0.7880795,      0.8,        1, 0.8187919 ],
[ 0.6824324, 0.5133333, 0.6164384, 0.5878378, 0.6486486, 0.7266667, 0.7449664, 0.8187919,        1 ] ] 
]
