[
 [ "HHBurton", "TCClark", "PStewart", "JHarlan2", "FFrankfurter", "CEWhittaker", "WJBrennan", "EWarren", "HLBlack", "WODouglas" ],
[ [        3,        2,        0,        2,        3,        3,        2,        2,        2,        2 ],
[        2,      133,       94,      113,      100,      106,       99,       92,       90,       82 ],
[        0,       94,      121,      100,       95,      109,       90,       82,       76,       69 ],
[        2,      113,      100,      133,      110,      111,       93,       82,       82,       71 ],
[        3,      100,       95,      110,      128,      113,       90,       81,       78,       71 ],
[        3,      106,      109,      111,      113,      136,       93,       84,       83,       76 ],
[        2,       99,       90,       93,       90,       93,      136,      122,      109,      111 ],
[        2,       92,       82,       82,       81,       84,      122,      133,      116,      118 ],
[        2,       90,       76,       82,       78,       83,      109,      116,      134,      119 ],
[        2,       82,       69,       71,       71,       76,      111,      118,      119,      135 ] ],
[ "WJBrennan", "WODouglas", "HLBlack", "EWarren", "JHarlan2", "TCClark", "HHBurton", "FFrankfurter", "CEWhittaker", "PStewart" ],
[ [        1, 0.8222222, 0.8134328, 0.9172932, 0.6992481, 0.7443609, 0.6666667, 0.703125, 0.6838235, 0.7438017 ],
[ 0.8222222,        1, 0.8947368, 0.8939394, 0.5378788, 0.6212121, 0.6666667, 0.5546875, 0.562963,    0.575 ],
[ 0.8134328, 0.8947368,        1, 0.8854962, 0.6259542, 0.6870229, 0.6666667, 0.6190476, 0.619403, 0.6386555 ],
[ 0.9172932, 0.8939394, 0.8854962,        1, 0.6307692, 0.7076923, 0.6666667, 0.6328125, 0.6315789, 0.6890756 ],
[ 0.6992481, 0.5378788, 0.6259542, 0.6307692,        1, 0.8625954, 0.6666667, 0.8730159, 0.8345865, 0.8474576 ],
[ 0.7443609, 0.6212121, 0.6870229, 0.7076923, 0.8625954,        1, 0.6666667,      0.8, 0.7969925, 0.7966102 ],
[ 0.6666667, 0.6666667, 0.6666667, 0.6666667, 0.6666667, 0.6666667,        1,        1,        1, null ],
[ 0.703125, 0.5546875, 0.6190476, 0.6328125, 0.8730159,      0.8,        1,        1, 0.8828125, 0.8333333 ],
[ 0.6838235, 0.562963, 0.619403, 0.6315789, 0.8345865, 0.7969925,        1, 0.8828125,        1, 0.9008264 ],
[ 0.7438017,    0.575, 0.6386555, 0.6890756, 0.8474576, 0.7966102, null, 0.8333333, 0.9008264,        1 ] ] 
]
