[
 [ "WODouglas", "WJBrennan", "EWarren", "HLBlack", "CEWhittaker", "FFrankfurter", "JHarlan2", "TCClark", "PStewart" ],
[ [      133,      107,      106,      108,       63,       59,       64,       82,       80 ],
[      107,      134,      118,      111,       80,       80,       86,      102,       97 ],
[      106,      118,      130,      117,       73,       71,       75,      101,       86 ],
[      108,      111,      117,      130,       69,       63,       70,       91,       78 ],
[       63,       80,       73,       69,      134,      103,      106,       96,      103 ],
[       59,       80,       71,       63,      103,      133,      112,       96,       98 ],
[       64,       86,       75,       70,      106,      112,      133,       97,      104 ],
[       82,      102,      101,       91,       96,       96,       97,      132,       99 ],
[       80,       97,       86,       78,      103,       98,      104,       99,      130 ] ],
[ "WODouglas", "WJBrennan", "EWarren", "HLBlack", "CEWhittaker", "FFrankfurter", "JHarlan2", "TCClark", "PStewart" ],
[ [        1, 0.8045113, 0.8217054, 0.8372093, 0.4736842, 0.4469697, 0.4848485, 0.6259542, 0.620155 ],
[ 0.8045113,        1, 0.9076923, 0.8538462, 0.5970149, 0.6015038, 0.6466165, 0.7727273, 0.7461538 ],
[ 0.8217054, 0.9076923,        1, 0.9285714, 0.5615385, 0.5503876, 0.5813953, 0.7769231, 0.6825397 ],
[ 0.8372093, 0.8538462, 0.9285714,        1, 0.5307692, 0.4883721, 0.5426357, 0.7109375, 0.6190476 ],
[ 0.4736842, 0.5970149, 0.5615385, 0.5307692,        1, 0.7744361, 0.7969925, 0.7272727, 0.7923077 ],
[ 0.4469697, 0.6015038, 0.5503876, 0.4883721, 0.7744361,        1, 0.8484848, 0.7328244, 0.7538462 ],
[ 0.4848485, 0.6466165, 0.5813953, 0.5426357, 0.7969925, 0.8484848,        1, 0.740458, 0.8062016 ],
[ 0.6259542, 0.7727273, 0.7769231, 0.7109375, 0.7272727, 0.7328244, 0.740458,        1, 0.7734375 ],
[ 0.620155, 0.7461538, 0.6825397, 0.6190476, 0.7923077, 0.7538462, 0.8062016, 0.7734375,        1 ] ] 
]
