[
 [ "PStewart", "JHarlan2", "FFrankfurter", "TCClark", "CEWhittaker", "WODouglas", "HLBlack", "WJBrennan", "EWarren" ],
[ [      133,      104,      101,       99,      102,       80,       84,      101,       91 ],
[      104,      135,      118,      110,      107,       65,       80,       91,       85 ],
[      101,      118,      133,      106,      107,       65,       74,       88,       80 ],
[       99,      110,      106,      135,      108,       65,       80,       98,       91 ],
[      102,      107,      107,      108,      138,       70,       77,       89,       83 ],
[       80,       65,       65,       65,       70,      138,      109,      103,      103 ],
[       84,       80,       74,       80,       77,      109,      138,      112,      122 ],
[      101,       91,       88,       98,       89,      103,      112,      138,      124 ],
[       91,       85,       80,       91,       83,      103,      122,      124,      137 ] ],
[ "PStewart", "CEWhittaker", "TCClark", "JHarlan2", "FFrankfurter", "WODouglas", "HLBlack", "WJBrennan", "EWarren" ],
[ [        1, 0.7669173, 0.7615385,      0.8, 0.7890625, 0.6015038, 0.6315789, 0.7593985, 0.6893939 ],
[ 0.7669173,        1,      0.8, 0.7925926, 0.8045113, 0.5072464, 0.557971, 0.6449275, 0.6058394 ],
[ 0.7615385,      0.8,        1, 0.8270677, 0.8153846, 0.4814815, 0.5925926, 0.7259259, 0.6740741 ],
[      0.8, 0.7925926, 0.8270677,        1, 0.9076923, 0.4814815, 0.5925926, 0.6740741, 0.6343284 ],
[ 0.7890625, 0.8045113, 0.8153846, 0.9076923,        1, 0.4887218, 0.556391, 0.6616541, 0.6060606 ],
[ 0.6015038, 0.5072464, 0.4814815, 0.4814815, 0.4887218,        1, 0.7898551, 0.7463768, 0.7518248 ],
[ 0.6315789, 0.557971, 0.5925926, 0.5925926, 0.556391, 0.7898551,        1, 0.8115942, 0.8905109 ],
[ 0.7593985, 0.6449275, 0.7259259, 0.6740741, 0.6616541, 0.7463768, 0.8115942,        1, 0.9051095 ],
[ 0.6893939, 0.6058394, 0.6740741, 0.6343284, 0.6060606, 0.7518248, 0.8905109, 0.9051095,        1 ] ] 
]
