[
 [ "JHarlan2", "HLBlack", "WODouglas", "AJGoldberg", "WJBrennan", "EWarren", "TCClark", "PStewart", "BRWhite" ],
[ [      155,       81,       77,       88,       92,       88,      115,      122,      102 ],
[       81,      156,      132,      121,      136,      137,      110,      105,      117 ],
[       77,      132,      156,      121,      132,      128,      100,      103,      112 ],
[       88,      121,      121,      146,      133,      126,       98,      116,      114 ],
[       92,      136,      132,      133,      156,      149,      114,      115,      128 ],
[       88,      137,      128,      126,      149,      153,      113,      111,      124 ],
[      115,      110,      100,       98,      114,      113,      154,      110,      117 ],
[      122,      105,      103,      116,      115,      111,      110,      156,      123 ],
[      102,      117,      112,      114,      128,      124,      117,      123,      148 ] ],
[ "HLBlack", "WODouglas", "BRWhite", "AJGoldberg", "WJBrennan", "EWarren", "JHarlan2", "PStewart", "TCClark" ],
[ [        1, 0.8461538, 0.7905405, 0.8287671, 0.8717949, 0.8954248, 0.5225806, 0.6730769, 0.7142857 ],
[ 0.8461538,        1, 0.7567568, 0.8287671, 0.8461538, 0.8366013, 0.4967742, 0.6602564, 0.6493506 ],
[ 0.7905405, 0.7567568,        1, 0.826087, 0.8648649, 0.8551724, 0.6938776, 0.8310811, 0.8013699 ],
[ 0.8287671, 0.8287671, 0.826087,        1, 0.9109589, 0.8811189, 0.6068966, 0.7945205, 0.6805556 ],
[ 0.8717949, 0.8461538, 0.8648649, 0.9109589,        1, 0.9738562, 0.5935484, 0.7371795, 0.7402597 ],
[ 0.8954248, 0.8366013, 0.8551724, 0.8811189, 0.9738562,        1, 0.5789474, 0.7254902, 0.7483444 ],
[ 0.5225806, 0.4967742, 0.6938776, 0.6068966, 0.5935484, 0.5789474,        1, 0.7870968, 0.7467532 ],
[ 0.6730769, 0.6602564, 0.8310811, 0.7945205, 0.7371795, 0.7254902, 0.7870968,        1, 0.7142857 ],
[ 0.7142857, 0.6493506, 0.8013699, 0.6805556, 0.7402597, 0.7483444, 0.7467532, 0.7142857,        1 ] ] 
]
