[
 [ "JHarlan2", "AJGoldberg", "WJBrennan", "EWarren", "HLBlack", "WODouglas", "BRWhite", "PStewart", "TCClark" ],
[ [      179,       88,       99,       98,       89,       85,      122,      126,      124 ],
[       88,      176,      162,      157,      151,      150,      133,      132,      124 ],
[       99,      162,      178,      166,      151,      151,      145,      142,      138 ],
[       98,      157,      166,      181,      156,      156,      143,      135,      142 ],
[       89,      151,      151,      156,      181,      152,      134,      126,      129 ],
[       85,      150,      151,      156,      152,      178,      128,      123,      127 ],
[      122,      133,      145,      143,      134,      128,      179,      135,      142 ],
[      126,      132,      142,      135,      126,      123,      135,      180,      143 ],
[      124,      124,      138,      142,      129,      127,      142,      143,      181 ] ],
[ "JHarlan2", "AJGoldberg", "WJBrennan", "EWarren", "HLBlack", "WODouglas", "BRWhite", "PStewart", "TCClark" ],
[ [        1, 0.5057471,   0.5625, 0.547486, 0.4972067, 0.4829545, 0.6892655, 0.7078652, 0.6927374 ],
[ 0.5057471,        1, 0.9364162, 0.8920455, 0.8579545, 0.867052, 0.7643678, 0.7542857, 0.7045455 ],
[   0.5625, 0.9364162,        1, 0.9325843, 0.8483146, 0.8628571, 0.8238636, 0.8022599, 0.7752809 ],
[ 0.547486, 0.8920455, 0.9325843,        1, 0.8618785, 0.8764045, 0.7988827,     0.75, 0.7845304 ],
[ 0.4972067, 0.8579545, 0.8483146, 0.8618785,        1, 0.8539326, 0.7486034,      0.7, 0.7127072 ],
[ 0.4829545, 0.867052, 0.8628571, 0.8764045, 0.8539326,        1, 0.7272727, 0.6949153, 0.7134831 ],
[ 0.6892655, 0.7643678, 0.8238636, 0.7988827, 0.7486034, 0.7272727,        1, 0.758427, 0.7932961 ],
[ 0.7078652, 0.7542857, 0.8022599,     0.75,      0.7, 0.6949153, 0.758427,        1, 0.7944444 ],
[ 0.6927374, 0.7045455, 0.7752809, 0.7845304, 0.7127072, 0.7134831, 0.7932961, 0.7944444,        1 ] ] 
]
