[
 [ "JHarlan2", "HLBlack", "WODouglas", "BRWhite", "TCClark", "WJBrennan", "EWarren", "PStewart", "AJGoldberg" ],
[ [      131,       81,       74,       98,      100,       94,       87,      100,       89 ],
[       81,      131,       96,      100,       95,      100,       93,       91,       87 ],
[       74,       96,      130,       90,       97,      101,      101,       80,       91 ],
[       98,      100,       90,      128,      109,      118,      109,      106,       95 ],
[      100,       95,       97,      109,      131,      118,      111,       99,      100 ],
[       94,      100,      101,      118,      118,      133,      123,      107,      110 ],
[       87,       93,      101,      109,      111,      123,      128,       98,      109 ],
[      100,       91,       80,      106,       99,      107,       98,      129,      100 ],
[       89,       87,       91,       95,      100,      110,      109,      100,      127 ] ],
[ "JHarlan2", "HLBlack", "WODouglas", "WJBrennan", "EWarren", "BRWhite", "TCClark", "PStewart", "AJGoldberg" ],
[ [        1, 0.627907, 0.5736434, 0.7175573, 0.6904762, 0.7777778, 0.7751938,  0.78125,    0.712 ],
[ 0.627907,        1,     0.75, 0.7633588, 0.7380952, 0.7874016, 0.7364341, 0.7109375,    0.696 ],
[ 0.5736434,     0.75,        1, 0.7769231, 0.8015873,     0.72, 0.7578125, 0.6349206, 0.733871 ],
[ 0.7175573, 0.7633588, 0.7769231,        1, 0.9609375, 0.921875, 0.9007634, 0.8294574, 0.8661417 ],
[ 0.6904762, 0.7380952, 0.8015873, 0.9609375,        1, 0.8861789, 0.8740157, 0.7903226, 0.8861789 ],
[ 0.7777778, 0.7874016,     0.72, 0.921875, 0.8861789,        1, 0.8650794, 0.8548387, 0.7786885 ],
[ 0.7751938, 0.7364341, 0.7578125, 0.9007634, 0.8740157, 0.8650794,        1, 0.7795276,      0.8 ],
[  0.78125, 0.7109375, 0.6349206, 0.8294574, 0.7903226, 0.8548387, 0.7795276,        1, 0.8064516 ],
[    0.712,    0.696, 0.733871, 0.8661417, 0.8861789, 0.7786885,      0.8, 0.8064516,        1 ] ] 
]
