[
 [ "JHarlan2", "PStewart", "WODouglas", "AFortas", "HLBlack", "EWarren", "WJBrennan", "TCClark", "BRWhite" ],
[ [      139,      117,       72,       78,       85,       84,       91,      102,       95 ],
[      117,      139,       91,       88,      101,      102,      111,      110,      106 ],
[       72,       91,      139,       98,      105,      110,      116,       97,       97 ],
[       78,       88,       98,      120,       81,      110,      109,       97,       95 ],
[       85,      101,      105,       81,      137,      100,      102,      103,      100 ],
[       84,      102,      110,      110,      100,      133,      129,      114,      106 ],
[       91,      111,      116,      109,      102,      129,      140,      119,      115 ],
[      102,      110,       97,       97,      103,      114,      119,      138,      118 ],
[       95,      106,       97,       95,      100,      106,      115,      118,      135 ] ],
[ "JHarlan2", "PStewart", "AFortas", "EWarren", "WJBrennan", "TCClark", "BRWhite", "HLBlack", "WODouglas" ],
[ [        1, 0.8478261,     0.65, 0.6363636, 0.6546763, 0.7445255, 0.7089552,    0.625, 0.5217391 ],
[ 0.8478261,        1, 0.7394958, 0.7727273, 0.7985612, 0.8029197, 0.7910448, 0.7426471, 0.6594203 ],
[     0.65, 0.7394958,        1, 0.9401709, 0.9083333, 0.8151261, 0.826087, 0.6923077, 0.8166667 ],
[ 0.6363636, 0.7727273, 0.9401709,        1, 0.9699248, 0.8571429, 0.828125, 0.7692308, 0.8333333 ],
[ 0.6546763, 0.7985612, 0.9083333, 0.9699248,        1, 0.8623188, 0.8518519, 0.7445255, 0.8345324 ],
[ 0.7445255, 0.8029197, 0.8151261, 0.8571429, 0.8623188,        1, 0.887218, 0.762963, 0.7080292 ],
[ 0.7089552, 0.7910448, 0.826087, 0.828125, 0.8518519, 0.887218,        1, 0.7518797, 0.7238806 ],
[    0.625, 0.7426471, 0.6923077, 0.7692308, 0.7445255, 0.762963, 0.7518797,        1, 0.7720588 ],
[ 0.5217391, 0.6594203, 0.8166667, 0.8333333, 0.8345324, 0.7080292, 0.7238806, 0.7720588,        1 ] ] 
]
