[
 [ "JHarlan2", "PStewart", "WJBrennan", "EWarren", "WODouglas", "AFortas", "TCClark", "HLBlack", "BRWhite" ],
[ [      146,      115,       80,       80,       59,       69,      104,       84,       98 ],
[      115,      144,       87,       77,       76,       81,      100,      101,      108 ],
[       80,       87,      143,      127,      112,      113,      104,      106,      108 ],
[       80,       77,      127,      145,      108,      117,      111,       95,       96 ],
[       59,       76,      112,      108,      146,      116,       81,      105,       91 ],
[       69,       81,      113,      117,      116,      139,       88,      101,       96 ],
[      104,      100,      104,      111,       81,       88,      142,       98,      105 ],
[       84,      101,      106,       95,      105,      101,       98,      145,      107 ],
[       98,      108,      108,       96,       91,       96,      105,      107,      139 ] ],
[ "JHarlan2", "PStewart", "WODouglas", "AFortas", "WJBrennan", "EWarren", "TCClark", "HLBlack", "BRWhite" ],
[ [        1, 0.7986111, 0.4041096, 0.4964029, 0.5594406, 0.5517241, 0.7323944, 0.5793103, 0.705036 ],
[ 0.7986111,        1, 0.5277778, 0.5869565, 0.6170213, 0.5384615, 0.7142857, 0.7062937, 0.7883212 ],
[ 0.4041096, 0.5277778,        1, 0.8345324, 0.7832168, 0.7448276, 0.5704225, 0.7241379, 0.6546763 ],
[ 0.4964029, 0.5869565, 0.8345324,        1, 0.8308824, 0.8478261, 0.6518519, 0.7318841, 0.7111111 ],
[ 0.5594406, 0.6170213, 0.7832168, 0.8308824,        1, 0.8943662, 0.7482014, 0.7464789, 0.7941176 ],
[ 0.5517241, 0.5384615, 0.7448276, 0.8478261, 0.8943662,        1, 0.787234, 0.6597222, 0.6956522 ],
[ 0.7323944, 0.7142857, 0.5704225, 0.6518519, 0.7482014, 0.787234,        1, 0.6950355, 0.7664234 ],
[ 0.5793103, 0.7062937, 0.7241379, 0.7318841, 0.7464789, 0.6597222, 0.6950355,        1, 0.7753623 ],
[ 0.705036, 0.7883212, 0.6546763, 0.7111111, 0.7941176, 0.6956522, 0.7664234, 0.7753623,        1 ] ] 
]
