[
 [ "TMarshall", "WODouglas", "PStewart", "EWarren", "WJBrennan", "AFortas", "JHarlan2", "HLBlack", "BRWhite" ],
[ [      119,       96,      102,      112,      114,      109,       69,       79,       88 ],
[       96,      186,      137,      148,      155,      154,       97,      132,      116 ],
[      102,      137,      191,      148,      161,      157,      139,      132,      137 ],
[      112,      148,      148,      190,      177,      163,      112,      133,      140 ],
[      114,      155,      161,      177,      191,      174,      120,      141,      148 ],
[      109,      154,      157,      163,      174,      188,      117,      137,      136 ],
[       69,       97,      139,      112,      120,      117,      191,      121,      142 ],
[       79,      132,      132,      133,      141,      137,      121,      192,      145 ],
[       88,      116,      137,      140,      148,      136,      142,      145,      192 ] ],
[ "WODouglas", "PStewart", "AFortas", "EWarren", "WJBrennan", "TMarshall", "JHarlan2", "HLBlack", "BRWhite" ],
[ [        1, 0.7405405, 0.8461538, 0.8043478, 0.8378378, 0.8205128, 0.5215054, 0.7096774, 0.6236559 ],
[ 0.7405405,        1, 0.8395722, 0.7830688, 0.8473684, 0.8644068, 0.7315789, 0.6910995, 0.7172775 ],
[ 0.8461538, 0.8395722,        1, 0.8763441, 0.9304813, 0.9316239, 0.6256684, 0.7287234, 0.7234043 ],
[ 0.8043478, 0.7830688, 0.8763441,        1, 0.9365079, 0.9411765, 0.5925926,      0.7, 0.7368421 ],
[ 0.8378378, 0.8473684, 0.9304813, 0.9365079,        1, 0.9579832, 0.6315789, 0.7382199, 0.7748691 ],
[ 0.8205128, 0.8644068, 0.9316239, 0.9411765, 0.9579832,        1, 0.5798319, 0.6638655, 0.7394958 ],
[ 0.5215054, 0.7315789, 0.6256684, 0.5925926, 0.6315789, 0.5798319,        1, 0.6335079, 0.7434555 ],
[ 0.7096774, 0.6910995, 0.7287234,      0.7, 0.7382199, 0.6638655, 0.6335079,        1, 0.7552083 ],
[ 0.6236559, 0.7172775, 0.7234043, 0.7368421, 0.7748691, 0.7394958, 0.7434555, 0.7552083,        1 ] ] 
]
