[
 [ "AFortas", "HLBlack", "WODouglas", "TMarshall", "WJBrennan", "EWarren", "JHarlan2", "PStewart", "BRWhite" ],
[ [       86,       55,       65,       64,       74,       70,       60,       60,       66 ],
[       55,      137,       88,       81,       91,       95,       84,       78,       88 ],
[       65,       88,      138,       96,      107,      108,       85,       84,       87 ],
[       64,       81,       96,      123,      116,      113,       84,       91,       95 ],
[       74,       91,      107,      116,      139,      127,       95,      103,      115 ],
[       70,       95,      108,      113,      127,      136,       87,       95,      109 ],
[       60,       84,       85,       84,       95,       87,      137,      105,       93 ],
[       60,       78,       84,       91,      103,       95,      105,      138,      110 ],
[       66,       88,       87,       95,      115,      109,       93,      110,      137 ] ],
[ "WODouglas", "AFortas", "EWarren", "TMarshall", "WJBrennan", "HLBlack", "JHarlan2", "PStewart", "BRWhite" ],
[ [        1, 0.755814,      0.8, 0.7868852, 0.7753623, 0.6470588,    0.625, 0.6131387, 0.6397059 ],
[ 0.755814,        1, 0.8433735, 0.8767123, 0.8604651, 0.6547619, 0.7058824, 0.6976744, 0.7764706 ],
[      0.8, 0.8433735,        1, 0.9186992, 0.9338235, 0.7089552, 0.6492537, 0.7037037, 0.8134328 ],
[ 0.7868852, 0.8767123, 0.9186992,        1, 0.9430894, 0.6694215, 0.6942149, 0.7459016, 0.7786885 ],
[ 0.7753623, 0.8604651, 0.9338235, 0.9430894,        1, 0.6642336, 0.6934307, 0.7463768, 0.8394161 ],
[ 0.6470588, 0.6547619, 0.7089552, 0.6694215, 0.6642336,        1, 0.6222222, 0.5735294, 0.6518519 ],
[    0.625, 0.7058824, 0.6492537, 0.6942149, 0.6934307, 0.6222222,        1, 0.7720588, 0.6888889 ],
[ 0.6131387, 0.6976744, 0.7037037, 0.7459016, 0.7463768, 0.5735294, 0.7720588,        1, 0.8088235 ],
[ 0.6397059, 0.7764706, 0.8134328, 0.7786885, 0.8394161, 0.6518519, 0.6888889, 0.8088235,        1 ] ] 
]
