[
 [ "HABlackmun", "WEBurger", "JHarlan2", "PStewart", "BRWhite", "WJBrennan", "TMarshall", "HLBlack", "WODouglas" ],
[ [        9,        9,        8,        8,        8,        8,        6,        8,        7 ],
[        9,      137,      111,      111,      101,       87,       80,       92,       70 ],
[        8,      111,      136,      107,      110,      100,       94,       85,       82 ],
[        8,      111,      107,      138,      108,      104,       92,       96,       85 ],
[        8,      101,      110,      108,      138,      118,      105,       96,       90 ],
[        8,       87,      100,      104,      118,      139,      111,       89,      104 ],
[        6,       80,       94,       92,      105,      111,      121,       84,       95 ],
[        8,       92,       85,       96,       96,       89,       84,      137,       88 ],
[        7,       70,       82,       85,       90,      104,       95,       88,      137 ] ],
[ "HABlackmun", "PStewart", "WEBurger", "JHarlan2", "BRWhite", "WJBrennan", "TMarshall", "HLBlack", "WODouglas" ],
[ [        1, 0.8888889,        1,        1, 0.8888889, 0.8888889,     0.75, 0.8888889, 0.7777778 ],
[ 0.8888889,        1, 0.8161765, 0.7925926, 0.7883212, 0.7536232, 0.7666667, 0.7058824,    0.625 ],
[        1, 0.8161765,        1, 0.8283582, 0.7426471, 0.6350365, 0.6666667, 0.6814815, 0.5185185 ],
[        1, 0.7925926, 0.8283582,        1, 0.8148148, 0.7352941, 0.7966102, 0.6343284, 0.6119403 ],
[ 0.8888889, 0.7883212, 0.7426471, 0.8148148,        1, 0.8550725, 0.8677686, 0.7058824, 0.6617647 ],
[ 0.8888889, 0.7536232, 0.6350365, 0.7352941, 0.8550725,        1, 0.9173554, 0.649635, 0.7591241 ],
[     0.75, 0.7666667, 0.6666667, 0.7966102, 0.8677686, 0.9173554,        1,      0.7, 0.7916667 ],
[ 0.8888889, 0.7058824, 0.6814815, 0.6343284, 0.7058824, 0.649635,      0.7,        1, 0.6518519 ],
[ 0.7777778,    0.625, 0.5185185, 0.6119403, 0.6617647, 0.7591241, 0.7916667, 0.6518519,        1 ] ] 
]
