[
 [ "WODouglas", "WJBrennan", "TMarshall", "HLBlack", "JHarlan2", "WEBurger", "HABlackmun", "PStewart", "BRWhite" ],
[ [      132,      105,      100,       89,       72,       65,       67,       75,       78 ],
[      105,      137,      117,       94,       89,       82,       86,       94,      101 ],
[      100,      117,      133,       88,       91,       83,       85,       94,       93 ],
[       89,       94,       88,      137,       88,       97,       97,       87,       93 ],
[       72,       89,       91,       88,      138,      112,      107,      106,      102 ],
[       65,       82,       83,       97,      112,      137,      127,      110,      111 ],
[       67,       86,       85,       97,      107,      127,      137,      111,      116 ],
[       75,       94,       94,       87,      106,      110,      111,      138,      110 ],
[       78,      101,       93,       93,      102,      111,      116,      110,      137 ] ],
[ "WODouglas", "WJBrennan", "TMarshall", "HLBlack", "JHarlan2", "WEBurger", "HABlackmun", "PStewart", "BRWhite" ],
[ [        1, 0.8015267, 0.7874016, 0.6793893, 0.5496183,      0.5, 0.5153846, 0.5725191,      0.6 ],
[ 0.8015267,        1, 0.8863636, 0.6911765, 0.6544118, 0.6074074, 0.637037, 0.6911765, 0.7481481 ],
[ 0.7874016, 0.8863636,        1, 0.6666667, 0.6842105, 0.6335878, 0.648855, 0.7121212, 0.7045455 ],
[ 0.6793893, 0.6911765, 0.6666667,        1, 0.6470588, 0.7185185, 0.7132353, 0.6397059, 0.6888889 ],
[ 0.5496183, 0.6544118, 0.6842105, 0.6470588,        1, 0.8235294, 0.7867647, 0.7737226, 0.7445255 ],
[      0.5, 0.6074074, 0.6335878, 0.7185185, 0.8235294,        1, 0.9407407, 0.8088235, 0.8222222 ],
[ 0.5153846, 0.637037, 0.648855, 0.7132353, 0.7867647, 0.9407407,        1, 0.8161765, 0.8592593 ],
[ 0.5725191, 0.6911765, 0.7121212, 0.6397059, 0.7737226, 0.8088235, 0.8161765,        1, 0.8088235 ],
[      0.6, 0.7481481, 0.7045455, 0.6888889, 0.7445255, 0.8222222, 0.8592593, 0.8088235,        1 ] ] 
]
