[
 [ "LFPowell", "WHRehnquist", "WODouglas", "TMarshall", "WJBrennan", "WEBurger", "HABlackmun", "PStewart", "BRWhite" ],
[ [       92,       78,       48,       53,       53,       83,       75,       69,       73 ],
[       78,       95,       46,       54,       56,       85,       82,       68,       76 ],
[       48,       46,      175,      141,      140,       84,       91,      122,      109 ],
[       53,       54,      141,      177,      153,      110,      119,      146,      135 ],
[       53,       56,      140,      153,      174,      105,      116,      139,      136 ],
[       83,       85,       84,      110,      105,      176,      157,      128,      142 ],
[       75,       82,       91,      119,      116,      157,      175,      134,      151 ],
[       69,       68,      122,      146,      139,      128,      134,      175,      146 ],
[       73,       76,      109,      135,      136,      142,      151,      146,      177 ] ],
[ "WODouglas", "TMarshall", "WJBrennan", "HABlackmun", "LFPowell", "WEBurger", "WHRehnquist", "PStewart", "BRWhite" ],
[ [        1, 0.8057143, 0.8139535, 0.5260116, 0.5333333, 0.4827586, 0.4946237, 0.7052023, 0.6228571 ],
[ 0.8057143,        1, 0.8793103,     0.68, 0.576087,    0.625, 0.5684211, 0.8342857, 0.7627119 ],
[ 0.8139535, 0.8793103,        1, 0.6744186, 0.5955056, 0.6069364, 0.5894737, 0.8081395, 0.7816092 ],
[ 0.5260116,     0.68, 0.6744186,        1, 0.8333333, 0.9022989, 0.8817204, 0.7745665, 0.8628571 ],
[ 0.5333333, 0.576087, 0.5955056, 0.8333333,        1, 0.9120879, 0.8965517,     0.75, 0.7934783 ],
[ 0.4827586,    0.625, 0.6069364, 0.9022989, 0.9120879,        1, 0.9042553, 0.7356322, 0.8068182 ],
[ 0.4946237, 0.5684211, 0.5894737, 0.8817204, 0.8965517, 0.9042553,        1, 0.7234043,      0.8 ],
[ 0.7052023, 0.8342857, 0.8081395, 0.7745665,     0.75, 0.7356322, 0.7234043,        1, 0.8342857 ],
[ 0.6228571, 0.7627119, 0.7816092, 0.8628571, 0.7934783, 0.8068182,      0.8, 0.8342857,        1 ] ] 
]
