[
 [ "WODouglas", "TMarshall", "WJBrennan", "WHRehnquist", "WEBurger", "HABlackmun", "BRWhite", "PStewart", "LFPowell" ],
[ [      169,      137,      140,       67,       79,       86,       99,       94,       84 ],
[      137,      171,      162,       87,       97,      104,      121,      113,      104 ],
[      140,      162,      173,       83,       95,      102,      124,      108,      100 ],
[       67,       87,       83,      171,      157,      145,      129,      128,      139 ],
[       79,       97,       95,      157,      173,      155,      141,      135,      143 ],
[       86,      104,      102,      145,      155,      171,      137,      133,      136 ],
[       99,      121,      124,      129,      141,      137,      172,      128,      129 ],
[       94,      113,      108,      128,      135,      133,      128,      167,      136 ],
[       84,      104,      100,      139,      143,      136,      129,      136,      164 ] ],
[ "WODouglas", "TMarshall", "WJBrennan", "WHRehnquist", "WEBurger", "HABlackmun", "BRWhite", "PStewart", "LFPowell" ],
[ [        1, 0.8203593, 0.8284024, 0.4011976, 0.4674556, 0.5149701, 0.5892857, 0.5766871,    0.525 ],
[ 0.8203593,        1, 0.9473684, 0.5147929, 0.5672515, 0.6153846, 0.7117647, 0.6848485, 0.6380368 ],
[ 0.8284024, 0.9473684,        1, 0.4853801, 0.5491329, 0.5964912, 0.7209302, 0.6467066, 0.6097561 ],
[ 0.4011976, 0.5147929, 0.4853801,        1, 0.9181287, 0.8579882, 0.7588235, 0.7757576, 0.8580247 ],
[ 0.4674556, 0.5672515, 0.5491329, 0.9181287,        1, 0.9064327, 0.8197674, 0.8083832, 0.8719512 ],
[ 0.5149701, 0.6153846, 0.5964912, 0.8579882, 0.9064327,        1, 0.8058824, 0.8060606, 0.8292683 ],
[ 0.5892857, 0.7117647, 0.7209302, 0.7588235, 0.8197674, 0.8058824,        1, 0.7710843, 0.791411 ],
[ 0.5766871, 0.6848485, 0.6467066, 0.7757576, 0.8083832, 0.8060606, 0.7710843,        1, 0.8553459 ],
[    0.525, 0.6380368, 0.6097561, 0.8580247, 0.8719512, 0.8292683, 0.791411, 0.8553459,        1 ] ] 
]
