[
 [ "WODouglas", "TMarshall", "WJBrennan", "PStewart", "LFPowell", "WEBurger", "WHRehnquist", "BRWhite", "HABlackmun" ],
[ [      122,       89,       97,       77,       60,       58,       54,       69,       69 ],
[       89,      150,      136,      118,      106,      102,       97,      119,      111 ],
[       97,      136,      152,      109,       97,       99,       94,      118,      114 ],
[       77,      118,      109,      153,      125,      123,      116,      120,      120 ],
[       60,      106,       97,      125,      145,      130,      118,      122,      126 ],
[       58,      102,       99,      123,      130,      152,      136,      130,      134 ],
[       54,       97,       94,      116,      118,      136,      153,      127,      129 ],
[       69,      119,      118,      120,      122,      130,      127,      153,      131 ],
[       69,      111,      114,      120,      126,      134,      129,      131,      153 ] ],
[ "PStewart", "WHRehnquist", "WEBurger", "LFPowell", "BRWhite", "HABlackmun", "WODouglas", "TMarshall", "WJBrennan" ],
[ [        1, 0.7581699, 0.8092105, 0.862069, 0.7843137, 0.7843137, 0.6311475, 0.7866667, 0.7171053 ],
[ 0.7581699,        1, 0.8947368, 0.8137931, 0.8300654, 0.8431373, 0.442623, 0.6466667, 0.6184211 ],
[ 0.8092105, 0.8947368,        1, 0.9027778, 0.8552632, 0.8815789, 0.4793388, 0.6845638, 0.6556291 ],
[ 0.862069, 0.8137931, 0.9027778,        1, 0.8413793, 0.8689655, 0.5217391, 0.7464789, 0.6736111 ],
[ 0.7843137, 0.8300654, 0.8552632, 0.8413793,        1, 0.8562092, 0.5655738, 0.7933333, 0.7763158 ],
[ 0.7843137, 0.8431373, 0.8815789, 0.8689655, 0.8562092,        1, 0.5655738,     0.74,     0.75 ],
[ 0.6311475, 0.442623, 0.4793388, 0.5217391, 0.5655738, 0.5655738,        1, 0.7295082, 0.795082 ],
[ 0.7866667, 0.6466667, 0.6845638, 0.7464789, 0.7933333,     0.74, 0.7295082,        1, 0.9127517 ],
[ 0.7171053, 0.6184211, 0.6556291, 0.6736111, 0.7763158,     0.75, 0.795082, 0.9127517,        1 ] ] 
]
