[
 [ "JPStevens", "TMarshall", "WJBrennan", "WEBurger", "WHRehnquist", "BRWhite", "HABlackmun", "PStewart", "LFPowell" ],
[ [      174,      126,      128,      116,      100,      129,      120,      128,      132 ],
[      126,      175,      165,       96,       80,      123,      114,      119,      114 ],
[      128,      165,      177,       95,       78,      119,      114,      115,      116 ],
[      116,       96,       95,      176,      146,      143,      150,      138,      147 ],
[      100,       80,       78,      146,      159,      122,      129,      128,      128 ],
[      129,      123,      119,      143,      122,      176,      148,      135,      146 ],
[      120,      114,      114,      150,      129,      148,      176,      133,      144 ],
[      128,      119,      115,      138,      128,      135,      133,      175,      147 ],
[      132,      114,      116,      147,      128,      146,      144,      147,      175 ] ],
[ "WEBurger", "WHRehnquist", "BRWhite", "HABlackmun", "PStewart", "LFPowell", "JPStevens", "TMarshall", "WJBrennan" ],
[ [        1, 0.918239, 0.8171429, 0.8571429, 0.7931034, 0.8448276, 0.6705202, 0.5517241, 0.5397727 ],
[ 0.918239,        1, 0.7721519, 0.8164557, 0.8152866, 0.8152866, 0.6410256, 0.5095541, 0.490566 ],
[ 0.8171429, 0.7721519,        1, 0.8457143, 0.7758621, 0.8390805, 0.7456647, 0.7068966, 0.6761364 ],
[ 0.8571429, 0.8164557, 0.8457143,        1, 0.7643678, 0.8275862, 0.6936416, 0.6551724, 0.6477273 ],
[ 0.7931034, 0.8152866, 0.7758621, 0.7643678,        1, 0.8448276, 0.744186, 0.6878613, 0.6571429 ],
[ 0.8448276, 0.8152866, 0.8390805, 0.8275862, 0.8448276,        1, 0.7674419, 0.6589595, 0.6628571 ],
[ 0.6705202, 0.6410256, 0.7456647, 0.6936416, 0.744186, 0.7674419,        1, 0.7325581, 0.7356322 ],
[ 0.5517241, 0.5095541, 0.7068966, 0.6551724, 0.6878613, 0.6589595, 0.7325581,        1, 0.9428571 ],
[ 0.5397727, 0.490566, 0.6761364, 0.6477273, 0.6571429, 0.6628571, 0.7356322, 0.9428571,        1 ] ] 
]
