[
 [ "TMarshall", "WJBrennan", "WEBurger", "WHRehnquist", "HABlackmun", "PStewart", "JPStevens", "BRWhite", "LFPowell" ],
[ [      151,      121,       92,       76,       85,      109,      106,      112,      103 ],
[      121,      132,       73,       65,       73,       93,       92,       97,       90 ],
[       92,       73,      153,      122,       95,      116,      107,      113,      115 ],
[       76,       65,      122,      153,       84,      107,      102,       96,      100 ],
[       85,       73,       95,       84,      132,       99,       86,      102,      104 ],
[      109,       93,      116,      107,       99,      152,      120,      115,      115 ],
[      106,       92,      107,      102,       86,      120,      151,      103,       99 ],
[      112,       97,      113,       96,      102,      115,      103,      153,      112 ],
[      103,       90,      115,      100,      104,      115,       99,      112,      148 ] ],
[ "WEBurger", "WHRehnquist", "TMarshall", "WJBrennan", "PStewart", "JPStevens", "BRWhite", "HABlackmun", "LFPowell" ],
[ [        1, 0.7973856, 0.6092715, 0.5530303, 0.7631579, 0.7086093, 0.7385621, 0.719697, 0.777027 ],
[ 0.7973856,        1, 0.5033113, 0.4924242, 0.7039474, 0.6754967, 0.627451, 0.6363636, 0.6756757 ],
[ 0.6092715, 0.5033113,        1, 0.9307692, 0.7266667, 0.7114094, 0.7417219, 0.648855, 0.7054795 ],
[ 0.5530303, 0.4924242, 0.9307692,        1, 0.7099237, 0.7076923, 0.7348485, 0.6517857, 0.703125 ],
[ 0.7631579, 0.7039474, 0.7266667, 0.7099237,        1,      0.8, 0.7565789, 0.7557252, 0.777027 ],
[ 0.7086093, 0.6754967, 0.7114094, 0.7076923,      0.8,        1, 0.6821192, 0.6615385, 0.6780822 ],
[ 0.7385621, 0.627451, 0.7417219, 0.7348485, 0.7565789, 0.6821192,        1, 0.7727273, 0.7567568 ],
[ 0.719697, 0.6363636, 0.648855, 0.6517857, 0.7557252, 0.6615385, 0.7727273,        1,   0.8125 ],
[ 0.777027, 0.6756757, 0.7054795, 0.703125, 0.777027, 0.6780822, 0.7567568,   0.8125,        1 ] ] 
]
