[
 [ "JPStevens", "TMarshall", "WJBrennan", "BRWhite", "HABlackmun", "LFPowell", "PStewart", "WEBurger", "WHRehnquist" ],
[ [      153,      114,      114,      107,      111,       87,      110,      106,      100 ],
[      114,      156,      143,      114,      112,       79,       97,       90,       76 ],
[      114,      143,      156,      119,      111,       80,      100,       93,       79 ],
[      107,      114,      119,      157,      134,       98,      111,      122,      108 ],
[      111,      112,      111,      134,      158,      103,      115,      128,      116 ],
[       87,       79,       80,       98,      103,      132,      108,      120,      107 ],
[      110,       97,      100,      111,      115,      108,      156,      129,      121 ],
[      106,       90,       93,      122,      128,      120,      129,      158,      136 ],
[      100,       76,       79,      108,      116,      107,      121,      136,      157 ] ],
[ "WHRehnquist", "PStewart", "WEBurger", "LFPowell", "TMarshall", "WJBrennan", "JPStevens", "BRWhite", "HABlackmun" ],
[ [        1, 0.7806452, 0.866242, 0.8167939, 0.4903226, 0.5096774, 0.6578947, 0.6923077, 0.7388535 ],
[ 0.7806452,        1, 0.8269231, 0.8244275, 0.6298701, 0.6493506, 0.7284768, 0.716129, 0.7371795 ],
[ 0.866242, 0.8269231,        1, 0.9090909, 0.5769231, 0.5961538, 0.6928105, 0.7770701, 0.8101266 ],
[ 0.8167939, 0.8244275, 0.9090909,        1, 0.6076923, 0.610687, 0.6796875, 0.7480916, 0.780303 ],
[ 0.4903226, 0.6298701, 0.5769231, 0.6076923,        1, 0.9285714, 0.7549669, 0.7354839, 0.7179487 ],
[ 0.5096774, 0.6493506, 0.5961538, 0.610687, 0.9285714,        1, 0.7549669, 0.7677419, 0.7115385 ],
[ 0.6578947, 0.7284768, 0.6928105, 0.6796875, 0.7549669, 0.7549669,        1, 0.7039474, 0.7254902 ],
[ 0.6923077, 0.716129, 0.7770701, 0.7480916, 0.7354839, 0.7677419, 0.7039474,        1, 0.8535032 ],
[ 0.7388535, 0.7371795, 0.8101266, 0.780303, 0.7179487, 0.7115385, 0.7254902, 0.8535032,        1 ] ] 
]
