[
 [ "TMarshall", "WJBrennan", "WHRehnquist", "PStewart", "JPStevens", "HABlackmun", "BRWhite", "WEBurger", "LFPowell" ],
[ [      145,      131,       52,       87,       96,       99,       88,       76,       80 ],
[      131,      156,       58,       95,      115,      108,      104,       87,       92 ],
[       52,       58,      157,      110,       89,       94,      106,      125,      117 ],
[       87,       95,      110,      154,      113,       99,      104,      114,      123 ],
[       96,      115,       89,      113,      155,      100,      108,      106,      105 ],
[       99,      108,       94,       99,      100,      156,      111,      120,      106 ],
[       88,      104,      106,      104,      108,      111,      155,      123,      117 ],
[       76,       87,      125,      114,      106,      120,      123,      156,      126 ],
[       80,       92,      117,      123,      105,      106,      117,      126,      154 ] ],
[ "TMarshall", "WJBrennan", "WHRehnquist", "PStewart", "JPStevens", "HABlackmun", "BRWhite", "WEBurger", "LFPowell" ],
[ [        1, 0.9097222, 0.3586207, 0.6083916, 0.6713287, 0.6827586, 0.6111111, 0.5277778, 0.5633803 ],
[ 0.9097222,        1, 0.3717949, 0.620915, 0.7467532, 0.6967742, 0.6753247, 0.5612903, 0.6013072 ],
[ 0.3586207, 0.3717949,        1, 0.7142857, 0.5741935, 0.6025641, 0.683871, 0.8012821, 0.7597403 ],
[ 0.6083916, 0.620915, 0.7142857,        1, 0.7434211, 0.6470588, 0.6842105, 0.745098, 0.8145695 ],
[ 0.6713287, 0.7467532, 0.5741935, 0.7434211,        1, 0.6493506, 0.7058824, 0.6883117, 0.6862745 ],
[ 0.6827586, 0.6967742, 0.6025641, 0.6470588, 0.6493506,        1, 0.7207792, 0.7741935, 0.6928105 ],
[ 0.6111111, 0.6753247, 0.683871, 0.6842105, 0.7058824, 0.7207792,        1, 0.7987013, 0.7697368 ],
[ 0.5277778, 0.5612903, 0.8012821, 0.745098, 0.6883117, 0.7741935, 0.7987013,        1, 0.8235294 ],
[ 0.5633803, 0.6013072, 0.7597403, 0.8145695, 0.6862745, 0.6928105, 0.7697368, 0.8235294,        1 ] ] 
]
