[
 [ "TMarshall", "WJBrennan", "WEBurger", "WHRehnquist", "PStewart", "LFPowell", "JPStevens", "BRWhite", "HABlackmun" ],
[ [      144,      128,       81,       66,       83,       81,       97,       95,       97 ],
[      128,      147,       89,       76,       87,       89,      103,      105,      105 ],
[       81,       89,      146,      128,      118,      118,       96,      112,      108 ],
[       66,       76,      128,      144,      111,      114,       95,      109,      101 ],
[       83,       87,      118,      111,      141,      113,       92,      105,      101 ],
[       81,       89,      118,      114,      113,      140,      101,      112,      110 ],
[       97,      103,       96,       95,       92,      101,      146,      109,      107 ],
[       95,      105,      112,      109,      105,      112,      109,      148,      112 ],
[       97,      105,      108,      101,      101,      110,      107,      112,      146 ] ],
[ "TMarshall", "WJBrennan", "WEBurger", "WHRehnquist", "PStewart", "LFPowell", "JPStevens", "BRWhite", "HABlackmun" ],
[ [        1, 0.8951049, 0.5704225, 0.4714286, 0.6058394, 0.5955882, 0.6830986, 0.6597222, 0.6830986 ],
[ 0.8951049,        1, 0.6137931, 0.5314685, 0.6214286, 0.6402878, 0.7103448, 0.7142857, 0.7241379 ],
[ 0.5704225, 0.6137931,        1, 0.8951049, 0.8428571, 0.8489209, 0.6666667, 0.7671233,     0.75 ],
[ 0.4714286, 0.5314685, 0.8951049,        1, 0.7985612, 0.8201439, 0.6690141, 0.7569444, 0.7112676 ],
[ 0.6058394, 0.6214286, 0.8428571, 0.7985612,        1, 0.837037, 0.6571429, 0.7446809, 0.7266187 ],
[ 0.5955882, 0.6402878, 0.8489209, 0.8201439, 0.837037,        1, 0.7318841,      0.8, 0.7971014 ],
[ 0.6830986, 0.7103448, 0.6666667, 0.6690141, 0.6571429, 0.7318841,        1, 0.7465753, 0.7430556 ],
[ 0.6597222, 0.7142857, 0.7671233, 0.7569444, 0.7446809,      0.8, 0.7465753,        1, 0.7671233 ],
[ 0.6830986, 0.7241379,     0.75, 0.7112676, 0.7266187, 0.7971014, 0.7430556, 0.7671233,        1 ] ] 
]
