[
 [ "TMarshall", "WJBrennan", "LFPowell", "WEBurger", "WHRehnquist", "SDOConnor", "JPStevens", "BRWhite", "HABlackmun" ],
[ [      172,      159,      101,       89,       85,       94,      118,      112,      126 ],
[      159,      174,      101,       94,       86,      100,      121,      121,      131 ],
[      101,      101,      171,      144,      142,      140,      124,      126,      121 ],
[       89,       94,      144,      174,      150,      147,      112,      129,      118 ],
[       85,       86,      142,      150,      175,      151,      113,      123,      115 ],
[       94,      100,      140,      147,      151,      170,      115,      126,      123 ],
[      118,      121,      124,      112,      113,      115,      171,      117,      124 ],
[      112,      121,      126,      129,      123,      126,      117,      173,      132 ],
[      126,      131,      121,      118,      115,      123,      124,      132,      174 ] ],
[ "TMarshall", "WJBrennan", "LFPowell", "WHRehnquist", "WEBurger", "SDOConnor", "JPStevens", "BRWhite", "HABlackmun" ],
[ [        1, 0.9298246, 0.6011905, 0.494186, 0.5174419, 0.5628743, 0.702381, 0.6588235, 0.7368421 ],
[ 0.9298246,        1, 0.5941176, 0.4942529, 0.5433526, 0.591716, 0.7117647, 0.7034884, 0.7572254 ],
[ 0.6011905, 0.5941176,        1, 0.8304094, 0.8470588, 0.8383234, 0.7380952, 0.7455621, 0.7117647 ],
[ 0.494186, 0.4942529, 0.8304094,        1, 0.862069, 0.8882353, 0.6608187, 0.7109827, 0.6609195 ],
[ 0.5174419, 0.5433526, 0.8470588, 0.862069,        1, 0.8698225, 0.6588235,     0.75, 0.6820809 ],
[ 0.5628743, 0.591716, 0.8383234, 0.8882353, 0.8698225,        1, 0.6927711,     0.75, 0.7235294 ],
[ 0.702381, 0.7117647, 0.7380952, 0.6608187, 0.6588235, 0.6927711,        1, 0.6923077, 0.7294118 ],
[ 0.6588235, 0.7034884, 0.7455621, 0.7109827,     0.75,     0.75, 0.6923077,        1, 0.7674419 ],
[ 0.7368421, 0.7572254, 0.7117647, 0.6609195, 0.6820809, 0.7235294, 0.7294118, 0.7674419,        1 ] ] 
]
