[
 [ "BRWhite", "WHRehnquist", "SDOConnor", "WEBurger", "LFPowell", "TMarshall", "WJBrennan", "HABlackmun", "JPStevens" ],
[ [      166,      134,      128,      142,      134,      108,      110,      131,      107 ],
[      134,      166,      147,      142,      141,       80,       94,      111,      103 ],
[      128,      147,      165,      142,      139,       84,      102,      113,      113 ],
[      142,      142,      142,      166,      145,       96,      108,      125,      110 ],
[      134,      141,      139,      145,      162,       92,      104,      114,      105 ],
[      108,       80,       84,       96,       92,      164,      141,      128,      120 ],
[      110,       94,      102,      108,      104,      141,      165,      135,      133 ],
[      131,      111,      113,      125,      114,      128,      135,      166,      124 ],
[      107,      103,      113,      110,      105,      120,      133,      124,      165 ] ],
[ "BRWhite", "WEBurger", "LFPowell", "WHRehnquist", "SDOConnor", "TMarshall", "WJBrennan", "HABlackmun", "JPStevens" ],
[ [        1, 0.8554217, 0.8271605, 0.8072289, 0.7757576, 0.6585366, 0.6666667, 0.7891566, 0.6484848 ],
[ 0.8554217,        1, 0.8950617, 0.8554217, 0.8606061, 0.5853659, 0.6545455, 0.753012, 0.6666667 ],
[ 0.8271605, 0.8950617,        1, 0.8703704, 0.863354,    0.575, 0.6459627, 0.7037037, 0.6521739 ],
[ 0.8072289, 0.8554217, 0.8703704,        1, 0.8909091, 0.4878049, 0.569697, 0.6686747, 0.6242424 ],
[ 0.7757576, 0.8606061, 0.863354, 0.8909091,        1, 0.5153374, 0.6219512, 0.6848485, 0.6890244 ],
[ 0.6585366, 0.5853659,    0.575, 0.4878049, 0.5153374,        1, 0.8650307, 0.7804878, 0.7361963 ],
[ 0.6666667, 0.6545455, 0.6459627, 0.569697, 0.6219512, 0.8650307,        1, 0.8181818, 0.8109756 ],
[ 0.7891566, 0.753012, 0.7037037, 0.6686747, 0.6848485, 0.7804878, 0.8181818,        1, 0.7515152 ],
[ 0.6484848, 0.6666667, 0.6521739, 0.6242424, 0.6890244, 0.7361963, 0.8109756, 0.7515152,        1 ] ] 
]
