[
 [ "WHRehnquist", "BRWhite", "LFPowell", "WEBurger", "SDOConnor", "TMarshall", "WJBrennan", "HABlackmun", "JPStevens" ],
[ [      169,      140,      141,      150,      153,       82,       90,      123,      110 ],
[      140,      168,      141,      150,      141,      101,      107,      134,      118 ],
[      141,      141,      169,      152,      145,       98,      102,      138,      113 ],
[      150,      150,      152,      170,      154,       96,      100,      140,      114 ],
[      153,      141,      145,      154,      169,       91,      100,      131,      116 ],
[       82,      101,       98,       96,       91,      162,      150,      118,      116 ],
[       90,      107,      102,      100,      100,      150,      169,      121,      133 ],
[      123,      134,      138,      140,      131,      118,      121,      169,      120 ],
[      110,      118,      113,      114,      116,      116,      133,      120,      170 ] ],
[ "JPStevens", "TMarshall", "WJBrennan", "HABlackmun", "WHRehnquist", "BRWhite", "LFPowell", "WEBurger", "SDOConnor" ],
[ [        1, 0.7204969, 0.7916667, 0.7142857, 0.6547619, 0.7065868, 0.672619, 0.6745562, 0.6904762 ],
[ 0.7204969,        1, 0.931677,   0.7375, 0.5093168, 0.6352201,   0.6125, 0.5962733, 0.5652174 ],
[ 0.7916667, 0.931677,        1, 0.7245509, 0.5389222, 0.6445783, 0.6107784, 0.5952381, 0.5988024 ],
[ 0.7142857,   0.7375, 0.7245509,        1, 0.7365269, 0.8072289, 0.8263473, 0.8284024, 0.7844311 ],
[ 0.6547619, 0.5093168, 0.5389222, 0.7365269,        1, 0.8433735, 0.8443114, 0.8928571, 0.9053254 ],
[ 0.7065868, 0.6352201, 0.6445783, 0.8072289, 0.8433735,        1, 0.8493976, 0.8982036, 0.8493976 ],
[ 0.672619,   0.6125, 0.6107784, 0.8263473, 0.8443114, 0.8493976,        1, 0.9047619, 0.8682635 ],
[ 0.6745562, 0.5962733, 0.5952381, 0.8284024, 0.8928571, 0.8982036, 0.9047619,        1, 0.9166667 ],
[ 0.6904762, 0.5652174, 0.5988024, 0.7844311, 0.9053254, 0.8493976, 0.8682635, 0.9166667,        1 ] ] 
]
