[
 [ "JPStevens", "TMarshall", "WJBrennan", "LFPowell", "HABlackmun", "BRWhite", "WHRehnquist", "WEBurger", "SDOConnor" ],
[ [      155,      110,      116,       73,      113,      107,      101,      101,      105 ],
[      110,      152,      146,       72,      116,       97,       84,       89,       95 ],
[      116,      146,      157,       76,      121,      100,       89,       94,       98 ],
[       73,       72,       76,      108,       91,       89,       85,       95,       92 ],
[      113,      116,      121,       91,      155,      126,      117,      122,      128 ],
[      107,       97,      100,       89,      126,      156,      130,      139,      129 ],
[      101,       84,       89,       85,      117,      130,      156,      141,      139 ],
[      101,       89,       94,       95,      122,      139,      141,      157,      141 ],
[      105,       95,       98,       92,      128,      129,      139,      141,      156 ] ],
[ "JPStevens", "TMarshall", "WJBrennan", "HABlackmun", "LFPowell", "BRWhite", "WHRehnquist", "WEBurger", "SDOConnor" ],
[ [        1, 0.7333333, 0.7483871, 0.7337662, 0.6886792, 0.6948052, 0.6558442, 0.6516129, 0.6818182 ],
[ 0.7333333,        1, 0.9605263, 0.7733333, 0.6857143, 0.6423841, 0.5562914, 0.5855263, 0.6291391 ],
[ 0.7483871, 0.9605263,        1, 0.7806452, 0.7037037, 0.6410256, 0.5705128, 0.5987261, 0.6282051 ],
[ 0.7337662, 0.7733333, 0.7806452,        1, 0.8584906, 0.8181818, 0.7597403, 0.7870968, 0.8311688 ],
[ 0.6886792, 0.6857143, 0.7037037, 0.8584906,        1, 0.8317757, 0.787037, 0.8796296, 0.8518519 ],
[ 0.6948052, 0.6423841, 0.6410256, 0.8181818, 0.8317757,        1, 0.8387097, 0.8910256, 0.8322581 ],
[ 0.6558442, 0.5562914, 0.5705128, 0.7597403, 0.787037, 0.8387097,        1, 0.9038462, 0.8967742 ],
[ 0.6516129, 0.5855263, 0.5987261, 0.7870968, 0.8796296, 0.8910256, 0.9038462,        1, 0.9038462 ],
[ 0.6818182, 0.6291391, 0.6282051, 0.8311688, 0.8518519, 0.8322581, 0.8967742, 0.9038462,        1 ] ] 
]
