[
 [ "LFPowell", "SDOConnor", "BRWhite", "WEBurger", "WHRehnquist", "JPStevens", "HABlackmun", "TMarshall", "WJBrennan" ],
[ [      159,      136,      127,      136,      133,      101,      107,       91,       95 ],
[      136,      161,      136,      139,      135,      102,      106,       92,       94 ],
[      127,      136,      163,      142,      135,      101,      102,       86,       95 ],
[      136,      139,      142,      164,      144,       97,      103,       80,       88 ],
[      133,      135,      135,      144,      162,       93,       92,       74,       82 ],
[      101,      102,      101,       97,       93,      162,      109,      108,      111 ],
[      107,      106,      102,      103,       92,      109,      163,      130,      131 ],
[       91,       92,       86,       80,       74,      108,      130,      162,      140 ],
[       95,       94,       95,       88,       82,      111,      131,      140,      162 ] ],
[ "LFPowell", "SDOConnor", "BRWhite", "WEBurger", "WHRehnquist", "JPStevens", "HABlackmun", "TMarshall", "WJBrennan" ],
[ [        1, 0.8553459, 0.8037975, 0.8553459, 0.8471338, 0.6392405, 0.6772152, 0.5796178, 0.6050955 ],
[ 0.8553459,        1,     0.85, 0.863354, 0.8490566, 0.6415094,   0.6625, 0.5786164, 0.591195 ],
[ 0.8037975,     0.85,        1, 0.8711656, 0.8385093, 0.6273292, 0.6296296, 0.5341615, 0.5900621 ],
[ 0.8553459, 0.863354, 0.8711656,        1, 0.8888889, 0.5987654, 0.6319018, 0.4938272, 0.5432099 ],
[ 0.8471338, 0.8490566, 0.8385093, 0.8888889,        1,  0.58125, 0.5714286,   0.4625,   0.5125 ],
[ 0.6392405, 0.6415094, 0.6273292, 0.5987654,  0.58125,        1, 0.6770186,    0.675,  0.69375 ],
[ 0.6772152,   0.6625, 0.6296296, 0.6319018, 0.5714286, 0.6770186,        1, 0.8074534, 0.8136646 ],
[ 0.5796178, 0.5786164, 0.5341615, 0.4938272,   0.4625,    0.675, 0.8074534,        1,    0.875 ],
[ 0.6050955, 0.591195, 0.5900621, 0.5432099,   0.5125,  0.69375, 0.8136646,    0.875,        1 ] ] 
]
