[
 [ "LFPowell", "BRWhite", "AScalia", "WHRehnquist", "SDOConnor", "WJBrennan", "TMarshall", "HABlackmun", "JPStevens" ],
[ [      159,      128,      121,      132,      129,       91,       88,      106,       95 ],
[      128,      159,      127,      135,      121,       78,       75,       98,       97 ],
[      121,      127,      156,      135,      123,       80,       77,       91,       94 ],
[      132,      135,      135,      160,      134,       66,       63,       85,       78 ],
[      129,      121,      123,      134,      159,       80,       75,       92,       92 ],
[       91,       78,       80,       66,       80,      160,      151,      127,      118 ],
[       88,       75,       77,       63,       75,      151,      160,      126,      117 ],
[      106,       98,       91,       85,       92,      127,      126,      157,      116 ],
[       95,       97,       94,       78,       92,      118,      117,      116,      159 ] ],
[ "WHRehnquist", "SDOConnor", "LFPowell", "BRWhite", "AScalia", "WJBrennan", "TMarshall", "HABlackmun", "JPStevens" ],
[ [        1, 0.8427673, 0.8301887, 0.8490566, 0.8653846,   0.4125,  0.39375, 0.5414013, 0.490566 ],
[ 0.8427673,        1, 0.8164557, 0.7658228, 0.7935484, 0.5031447, 0.4716981, 0.5859873, 0.5822785 ],
[ 0.8301887, 0.8164557,        1, 0.8101266, 0.7806452, 0.572327, 0.5534591, 0.6794872, 0.6012658 ],
[ 0.8490566, 0.7658228, 0.8101266,        1, 0.8193548, 0.490566, 0.4716981, 0.6282051, 0.6139241 ],
[ 0.8653846, 0.7935484, 0.7806452, 0.8193548,        1, 0.5128205, 0.4935897, 0.5947712, 0.6064516 ],
[   0.4125, 0.5031447, 0.572327, 0.490566, 0.5128205,        1,  0.94375, 0.8089172, 0.7421384 ],
[  0.39375, 0.4716981, 0.5534591, 0.4716981, 0.4935897,  0.94375,        1, 0.8025478, 0.7358491 ],
[ 0.5414013, 0.5859873, 0.6794872, 0.6282051, 0.5947712, 0.8089172, 0.8025478,        1, 0.7435897 ],
[ 0.490566, 0.5822785, 0.6012658, 0.6139241, 0.6064516, 0.7421384, 0.7358491, 0.7435897,        1 ] ] 
]
