[
 [ "AMKennedy", "BRWhite", "SDOConnor", "WHRehnquist", "AScalia", "JPStevens", "HABlackmun", "WJBrennan", "TMarshall" ],
[ [       68,       59,       57,       57,       61,       49,       49,       48,       45 ],
[       59,      148,      120,      119,      115,      112,      109,      102,       97 ],
[       57,      120,      146,      120,      123,       99,       96,       88,       84 ],
[       57,      119,      120,      146,      124,      103,      101,       90,       85 ],
[       61,      115,      123,      124,      145,      101,      101,       93,       87 ],
[       49,      112,       99,      103,      101,      147,      113,      118,      116 ],
[       49,      109,       96,      101,      101,      113,      148,      126,      123 ],
[       48,      102,       88,       90,       93,      118,      126,      147,      139 ],
[       45,       97,       84,       85,       87,      116,      123,      139,      148 ] ],
[ "BRWhite", "AScalia", "AMKennedy", "WHRehnquist", "SDOConnor", "JPStevens", "HABlackmun", "WJBrennan", "TMarshall" ],
[ [        1, 0.7986111, 0.880597, 0.8206897, 0.8275862, 0.7671233, 0.7414966, 0.6986301, 0.6598639 ],
[ 0.7986111,        1, 0.8970588, 0.8611111, 0.8601399, 0.7062937, 0.7013889, 0.6458333, 0.6041667 ],
[ 0.880597, 0.8970588,        1, 0.8382353, 0.8636364, 0.7313433, 0.7313433, 0.7058824, 0.6617647 ],
[ 0.8206897, 0.8611111, 0.8382353,        1, 0.8333333, 0.7152778, 0.6965517,    0.625, 0.5862069 ],
[ 0.8275862, 0.8601399, 0.8636364, 0.8333333,        1,   0.6875, 0.662069, 0.6111111, 0.5793103 ],
[ 0.7671233, 0.7062937, 0.7313433, 0.7152778,   0.6875,        1, 0.7739726, 0.8137931, 0.7945205 ],
[ 0.7414966, 0.7013889, 0.7313433, 0.6965517, 0.662069, 0.7739726,        1, 0.8630137, 0.8367347 ],
[ 0.6986301, 0.6458333, 0.7058824,    0.625, 0.6111111, 0.8137931, 0.8630137,        1, 0.9520548 ],
[ 0.6598639, 0.6041667, 0.6617647, 0.5862069, 0.5793103, 0.7945205, 0.8367347, 0.9520548,        1 ] ] 
]
