[
 [ "WHRehnquist", "AScalia", "AMKennedy", "BRWhite", "SDOConnor", "JPStevens", "HABlackmun", "WJBrennan", "TMarshall" ],
[ [      148,      132,      134,      131,      126,       97,       89,       76,       72 ],
[      132,      148,      138,      124,      121,       92,       92,       84,       79 ],
[      134,      138,      147,      128,      119,       96,       94,       82,       76 ],
[      131,      124,      128,      148,      123,      100,       97,       84,       82 ],
[      126,      121,      119,      123,      144,       98,       92,       79,       76 ],
[       97,       92,       96,      100,       98,      146,      109,      109,      111 ],
[       89,       92,       94,       97,       92,      109,      149,      122,      119 ],
[       76,       84,       82,       84,       79,      109,      122,      147,      140 ],
[       72,       79,       76,       82,       76,      111,      119,      140,      147 ] ],
[ "WHRehnquist", "AScalia", "AMKennedy", "BRWhite", "SDOConnor", "JPStevens", "HABlackmun", "WJBrennan", "TMarshall" ],
[ [        1, 0.8979592, 0.9178082, 0.8911565, 0.8811189, 0.6689655, 0.6013514, 0.5205479, 0.4931507 ],
[ 0.8979592,        1, 0.9452055, 0.8435374, 0.8461538, 0.6344828, 0.6216216, 0.5753425, 0.5410959 ],
[ 0.9178082, 0.9452055,        1, 0.8767123, 0.8380282, 0.6666667, 0.6394558, 0.5616438, 0.5241379 ],
[ 0.8911565, 0.8435374, 0.8767123,        1, 0.8601399, 0.6849315, 0.6554054, 0.5753425, 0.5578231 ],
[ 0.8811189, 0.8461538, 0.8380282, 0.8601399,        1, 0.6901408, 0.6388889, 0.556338, 0.5352113 ],
[ 0.6689655, 0.6344828, 0.6666667, 0.6849315, 0.6901408,        1, 0.7465753, 0.7569444, 0.7655172 ],
[ 0.6013514, 0.6216216, 0.6394558, 0.6554054, 0.6388889, 0.7465753,        1, 0.829932, 0.8095238 ],
[ 0.5205479, 0.5753425, 0.5616438, 0.5753425, 0.556338, 0.7569444, 0.829932,        1, 0.9655172 ],
[ 0.4931507, 0.5410959, 0.5241379, 0.5578231, 0.5352113, 0.7655172, 0.8095238, 0.9655172,        1 ] ] 
]
