[
 [ "HABlackmun", "TMarshall", "JPStevens", "BRWhite", "WHRehnquist", "AScalia", "DHSouter", "SDOConnor", "AMKennedy" ],
[ [      127,      110,      102,       93,       76,       79,       76,       86,       80 ],
[      110,      126,      109,       86,       69,       72,       67,       75,       73 ],
[      102,      109,      127,       82,       69,       70,       68,       77,       75 ],
[       93,       86,       82,      127,      104,       99,       93,       98,       94 ],
[       76,       69,       69,      104,      127,      110,       97,      107,      107 ],
[       79,       72,       70,       99,      110,      126,       95,      102,      107 ],
[       76,       67,       68,       93,       97,       95,      113,      104,       97 ],
[       86,       75,       77,       98,      107,      102,      104,      127,      109 ],
[       80,       73,       75,       94,      107,      107,       97,      109,      124 ] ],
[ "HABlackmun", "TMarshall", "JPStevens", "BRWhite", "AMKennedy", "SDOConnor", "DHSouter", "WHRehnquist", "AScalia" ],
[ [        1, 0.8730159, 0.8031496, 0.7322835, 0.6451613, 0.6771654, 0.6725664, 0.5984252, 0.6269841 ],
[ 0.8730159,        1, 0.8650794, 0.6825397, 0.5934959, 0.5952381, 0.5982143, 0.547619,    0.576 ],
[ 0.8031496, 0.8650794,        1, 0.6456693, 0.6048387, 0.6062992, 0.6017699, 0.5433071, 0.5555556 ],
[ 0.7322835, 0.6825397, 0.6456693,        1, 0.7580645, 0.7716535, 0.8230088, 0.8188976, 0.7857143 ],
[ 0.6451613, 0.5934959, 0.6048387, 0.7580645,        1, 0.8790323, 0.8818182, 0.8629032, 0.8699187 ],
[ 0.6771654, 0.5952381, 0.6062992, 0.7716535, 0.8790323,        1, 0.920354, 0.8425197, 0.8095238 ],
[ 0.6725664, 0.5982143, 0.6017699, 0.8230088, 0.8818182, 0.920354,        1, 0.8584071, 0.8482143 ],
[ 0.5984252, 0.547619, 0.5433071, 0.8188976, 0.8629032, 0.8425197, 0.8584071,        1, 0.8730159 ],
[ 0.6269841,    0.576, 0.5555556, 0.7857143, 0.8699187, 0.8095238, 0.8482143, 0.8730159,        1 ] ] 
]
