[
 [ "HABlackmun", "JPStevens", "BRWhite", "DHSouter", "SDOConnor", "WHRehnquist", "AMKennedy", "AScalia", "CThomas" ],
[ [      120,      101,       82,       88,       85,       75,       83,       75,       79 ],
[      101,      120,       79,       85,       78,       72,       80,       76,       74 ],
[       82,       79,      118,       98,       90,      104,       98,       94,       94 ],
[       88,       85,       98,      120,       95,       93,       99,      101,       93 ],
[       85,       78,       90,       95,      120,      102,       96,       98,      104 ],
[       75,       72,      104,       93,      102,      120,      108,      106,      108 ],
[       83,       80,       98,       99,       96,      108,      120,      108,      108 ],
[       75,       76,       94,      101,       98,      106,      108,      120,      110 ],
[       79,       74,       94,       93,      104,      108,      108,      110,      120 ] ],
[ "HABlackmun", "JPStevens", "BRWhite", "DHSouter", "SDOConnor", "WHRehnquist", "AMKennedy", "AScalia", "CThomas" ],
[ [        1, 0.8416667, 0.6949153, 0.7333333, 0.7083333,    0.625, 0.6916667,    0.625, 0.6583333 ],
[ 0.8416667,        1, 0.6694915, 0.7083333,     0.65,      0.6, 0.6666667, 0.6333333, 0.6166667 ],
[ 0.6949153, 0.6694915,        1, 0.8305085, 0.7627119, 0.8813559, 0.8305085, 0.7966102, 0.7966102 ],
[ 0.7333333, 0.7083333, 0.8305085,        1, 0.7916667,    0.775,    0.825, 0.8416667,    0.775 ],
[ 0.7083333,     0.65, 0.7627119, 0.7916667,        1,     0.85,      0.8, 0.8166667, 0.8666667 ],
[    0.625,      0.6, 0.8813559,    0.775,     0.85,        1,      0.9, 0.8833333,      0.9 ],
[ 0.6916667, 0.6666667, 0.8305085,    0.825,      0.8,      0.9,        1,      0.9,      0.9 ],
[    0.625, 0.6333333, 0.7966102, 0.8416667, 0.8166667, 0.8833333,      0.9,        1, 0.9166667 ],
[ 0.6583333, 0.6166667, 0.7966102,    0.775, 0.8666667,      0.9,      0.9, 0.9166667,        1 ] ] 
]
