[
 [ "AScalia", "CThomas", "WHRehnquist", "SDOConnor", "AMKennedy", "DHSouter", "RBGinsburg", "HABlackmun", "JPStevens" ],
[ [       95,       86,       80,       80,       81,       71,       74,       54,       61 ],
[       86,       95,       77,       79,       76,       62,       69,       48,       54 ],
[       80,       77,       95,       81,       78,       70,       71,       57,       58 ],
[       80,       79,       81,       94,       82,       71,       75,       54,       65 ],
[       81,       76,       78,       82,       95,       79,       78,       60,       69 ],
[       71,       62,       70,       71,       79,       95,       82,       76,       79 ],
[       74,       69,       71,       75,       78,       82,       95,       67,       78 ],
[       54,       48,       57,       54,       60,       76,       67,       93,       78 ],
[       61,       54,       58,       65,       69,       79,       78,       78,       95 ] ],
[ "AScalia", "CThomas", "WHRehnquist", "SDOConnor", "AMKennedy", "DHSouter", "RBGinsburg", "HABlackmun", "JPStevens" ],
[ [        1, 0.9052632, 0.8421053, 0.8510638, 0.8526316, 0.7473684, 0.7789474, 0.5806452, 0.6421053 ],
[ 0.9052632,        1, 0.8105263, 0.8404255,      0.8, 0.6526316, 0.7263158, 0.516129, 0.5684211 ],
[ 0.8421053, 0.8105263,        1, 0.8617021, 0.8210526, 0.7368421, 0.7473684, 0.6129032, 0.6105263 ],
[ 0.8510638, 0.8404255, 0.8617021,        1, 0.8723404, 0.7553191, 0.7978723, 0.5869565, 0.6914894 ],
[ 0.8526316,      0.8, 0.8210526, 0.8723404,        1, 0.8315789, 0.8210526, 0.6451613, 0.7263158 ],
[ 0.7473684, 0.6526316, 0.7368421, 0.7553191, 0.8315789,        1, 0.8631579, 0.8172043, 0.8315789 ],
[ 0.7789474, 0.7263158, 0.7473684, 0.7978723, 0.8210526, 0.8631579,        1, 0.7204301, 0.8210526 ],
[ 0.5806452, 0.516129, 0.6129032, 0.5869565, 0.6451613, 0.8172043, 0.7204301,        1, 0.8387097 ],
[ 0.6421053, 0.5684211, 0.6105263, 0.6914894, 0.7263158, 0.8315789, 0.8210526, 0.8387097,        1 ] ] 
]
