[
 [ "WHRehnquist", "AScalia", "CThomas", "SDOConnor", "AMKennedy", "JPStevens", "DHSouter", "RBGinsburg", "SGBreyer" ],
[ [       92,       81,       80,       75,       79,       50,       66,       65,       64 ],
[       81,       91,       84,       71,       78,       48,       63,       64,       61 ],
[       80,       84,       92,       71,       75,       44,       60,       59,       58 ],
[       75,       71,       71,       92,       74,       57,       75,       66,       71 ],
[       79,       78,       75,       74,       92,       59,       71,       74,       69 ],
[       50,       48,       44,       57,       59,       91,       70,       74,       66 ],
[       66,       63,       60,       75,       71,       70,       92,       77,       76 ],
[       65,       64,       59,       66,       74,       74,       77,       91,       77 ],
[       64,       61,       58,       71,       69,       66,       76,       77,       88 ] ],
[ "WHRehnquist", "AScalia", "CThomas", "SDOConnor", "AMKennedy", "JPStevens", "RBGinsburg", "DHSouter", "SGBreyer" ],
[ [        1, 0.8901099, 0.8695652, 0.8152174, 0.8586957, 0.5494505, 0.7142857, 0.7173913, 0.7272727 ],
[ 0.8901099,        1, 0.9230769, 0.7802198, 0.8571429, 0.5333333, 0.7111111, 0.6923077, 0.7011494 ],
[ 0.8695652, 0.9230769,        1, 0.7717391, 0.8152174, 0.4835165, 0.6483516, 0.6521739, 0.6590909 ],
[ 0.8152174, 0.7802198, 0.7717391,        1, 0.8043478, 0.6263736, 0.7252747, 0.8152174, 0.8068182 ],
[ 0.8586957, 0.8571429, 0.8152174, 0.8043478,        1, 0.6483516, 0.8131868, 0.7717391, 0.7840909 ],
[ 0.5494505, 0.5333333, 0.4835165, 0.6263736, 0.6483516,        1, 0.8222222, 0.7692308,     0.75 ],
[ 0.7142857, 0.7111111, 0.6483516, 0.7252747, 0.8131868, 0.8222222,        1, 0.8461538, 0.8850575 ],
[ 0.7173913, 0.6923077, 0.6521739, 0.8152174, 0.7717391, 0.7692308, 0.8461538,        1, 0.8636364 ],
[ 0.7272727, 0.7011494, 0.6590909, 0.8068182, 0.7840909,     0.75, 0.8850575, 0.8636364,        1 ] ] 
]
