[
 [ "WHRehnquist", "AScalia", "CThomas", "SDOConnor", "AMKennedy", "JPStevens", "RBGinsburg", "DHSouter", "SGBreyer" ],
[ [       90,       80,       81,       77,       76,       49,       66,       66,       63 ],
[       80,       90,       82,       73,       72,       45,       60,       62,       61 ],
[       81,       82,       89,       74,       71,       46,       59,       61,       58 ],
[       77,       73,       74,       90,       77,       57,       67,       73,       74 ],
[       76,       72,       71,       77,       90,       60,       72,       74,       71 ],
[       49,       45,       46,       57,       60,       88,       70,       71,       70 ],
[       66,       60,       59,       67,       72,       70,       90,       80,       73 ],
[       66,       62,       61,       73,       74,       71,       80,       89,       81 ],
[       63,       61,       58,       74,       71,       70,       73,       81,       89 ] ],
[ "WHRehnquist", "AScalia", "CThomas", "SDOConnor", "AMKennedy", "JPStevens", "RBGinsburg", "DHSouter", "SGBreyer" ],
[ [        1, 0.8888889, 0.9101124, 0.8555556, 0.8444444, 0.5568182, 0.7333333, 0.741573, 0.7078652 ],
[ 0.8888889,        1, 0.9213483, 0.8111111,      0.8, 0.5113636, 0.6666667, 0.6966292, 0.6853933 ],
[ 0.9101124, 0.9213483,        1, 0.8314607, 0.7977528, 0.5287356, 0.6629213, 0.6931818, 0.6590909 ],
[ 0.8555556, 0.8111111, 0.8314607,        1, 0.8555556, 0.6477273, 0.7444444, 0.8202247, 0.8314607 ],
[ 0.8444444,      0.8, 0.7977528, 0.8555556,        1, 0.6818182,      0.8, 0.8314607, 0.7977528 ],
[ 0.5568182, 0.5113636, 0.5287356, 0.6477273, 0.6818182,        1, 0.7954545, 0.816092, 0.8045977 ],
[ 0.7333333, 0.6666667, 0.6629213, 0.7444444,      0.8, 0.7954545,        1, 0.8988764, 0.8202247 ],
[ 0.741573, 0.6966292, 0.6931818, 0.8202247, 0.8314607, 0.816092, 0.8988764,        1, 0.9204545 ],
[ 0.7078652, 0.6853933, 0.6590909, 0.8314607, 0.7977528, 0.8045977, 0.8202247, 0.9204545,        1 ] ] 
]
