[
 [ "SDOConnor", "AMKennedy", "WHRehnquist", "AScalia", "CThomas", "JPStevens", "SGBreyer", "DHSouter", "RBGinsburg" ],
[ [       95,       82,       78,       82,       83,       60,       73,       76,       75 ],
[       82,       96,       82,       82,       83,       65,       70,       78,       73 ],
[       78,       82,       95,       84,       85,       56,       68,       74,       71 ],
[       82,       82,       84,       96,       95,       51,       62,       70,       67 ],
[       83,       83,       85,       95,       96,       52,       61,       71,       68 ],
[       60,       65,       56,       51,       52,       96,       79,       75,       78 ],
[       73,       70,       68,       62,       61,       79,       96,       82,       85 ],
[       76,       78,       74,       70,       71,       75,       82,       96,       85 ],
[       75,       73,       71,       67,       68,       78,       85,       85,       96 ] ],
[ "SDOConnor", "AMKennedy", "WHRehnquist", "AScalia", "CThomas", "JPStevens", "SGBreyer", "DHSouter", "RBGinsburg" ],
[ [        1, 0.8631579, 0.8297872, 0.8631579, 0.8736842, 0.6315789, 0.7684211,      0.8, 0.7894737 ],
[ 0.8631579,        1, 0.8631579, 0.8541667, 0.8645833, 0.6770833, 0.7291667,   0.8125, 0.7604167 ],
[ 0.8297872, 0.8631579,        1, 0.8842105, 0.8947368, 0.5894737, 0.7157895, 0.7789474, 0.7473684 ],
[ 0.8631579, 0.8541667, 0.8842105,        1, 0.9895833,  0.53125, 0.6458333, 0.7291667, 0.6979167 ],
[ 0.8736842, 0.8645833, 0.8947368, 0.9895833,        1, 0.5416667, 0.6354167, 0.7395833, 0.7083333 ],
[ 0.6315789, 0.6770833, 0.5894737,  0.53125, 0.5416667,        1, 0.8229167,  0.78125,   0.8125 ],
[ 0.7684211, 0.7291667, 0.7157895, 0.6458333, 0.6354167, 0.8229167,        1, 0.8541667, 0.8854167 ],
[      0.8,   0.8125, 0.7789474, 0.7291667, 0.7395833,  0.78125, 0.8541667,        1, 0.8854167 ],
[ 0.7894737, 0.7604167, 0.7473684, 0.6979167, 0.7083333,   0.8125, 0.8854167, 0.8854167,        1 ] ] 
]
