[
 [ "JPStevens", "SGBreyer", "DHSouter", "RBGinsburg", "AScalia", "CThomas", "SDOConnor", "WHRehnquist", "AMKennedy" ],
[ [      102,       84,       81,       85,       62,       65,       70,       67,       72 ],
[       84,      102,       89,       89,       68,       71,       81,       77,       82 ],
[       81,       89,      102,       90,       73,       72,       78,       80,       83 ],
[       85,       89,       90,      102,       71,       70,       74,       80,       81 ],
[       62,       68,       73,       71,      102,       95,       87,       87,       80 ],
[       65,       71,       72,       70,       95,      102,       88,       86,       83 ],
[       70,       81,       78,       74,       87,       88,      101,       90,       89 ],
[       67,       77,       80,       80,       87,       86,       90,      102,       95 ],
[       72,       82,       83,       81,       80,       83,       89,       95,      102 ] ],
[ "JPStevens", "SGBreyer", "DHSouter", "RBGinsburg", "AScalia", "CThomas", "SDOConnor", "WHRehnquist", "AMKennedy" ],
[ [        1, 0.8235294, 0.7941176, 0.8333333, 0.6078431, 0.6372549, 0.6930693, 0.6568627, 0.7058824 ],
[ 0.8235294,        1, 0.872549, 0.872549, 0.6666667, 0.6960784, 0.8019802, 0.754902, 0.8039216 ],
[ 0.7941176, 0.872549,        1, 0.8823529, 0.7156863, 0.7058824, 0.7722772, 0.7843137, 0.8137255 ],
[ 0.8333333, 0.872549, 0.8823529,        1, 0.6960784, 0.6862745, 0.7326733, 0.7843137, 0.7941176 ],
[ 0.6078431, 0.6666667, 0.7156863, 0.6960784,        1, 0.9313725, 0.8613861, 0.8529412, 0.7843137 ],
[ 0.6372549, 0.6960784, 0.7058824, 0.6862745, 0.9313725,        1, 0.8712871, 0.8431373, 0.8137255 ],
[ 0.6930693, 0.8019802, 0.7722772, 0.7326733, 0.8613861, 0.8712871,        1, 0.8910891, 0.8811881 ],
[ 0.6568627, 0.754902, 0.7843137, 0.7843137, 0.8529412, 0.8431373, 0.8910891,        1, 0.9313725 ],
[ 0.7058824, 0.8039216, 0.8137255, 0.7941176, 0.7843137, 0.8137255, 0.8811881, 0.9313725,        1 ] ] 
]
