[
 [ "WHRehnquist", "AScalia", "CThomas", "SDOConnor", "AMKennedy", "JPStevens", "SGBreyer", "DHSouter", "RBGinsburg" ],
[ [       91,       84,       85,       80,       79,       44,       62,       64,       62 ],
[       84,       91,       86,       77,       76,       47,       59,       67,       63 ],
[       85,       86,       91,       76,       77,       44,       58,       64,       60 ],
[       80,       77,       76,       90,       78,       49,       69,       70,       67 ],
[       79,       76,       77,       78,       91,       50,       66,       70,       70 ],
[       44,       47,       44,       49,       50,       91,       67,       61,       65 ],
[       62,       59,       58,       69,       66,       67,       90,       73,       74 ],
[       64,       67,       64,       70,       70,       61,       73,       91,       81 ],
[       62,       63,       60,       67,       70,       65,       74,       81,       91 ] ],
[ "WHRehnquist", "AScalia", "CThomas", "SDOConnor", "AMKennedy", "JPStevens", "SGBreyer", "DHSouter", "RBGinsburg" ],
[ [        1, 0.9230769, 0.9340659, 0.8888889, 0.8681319, 0.4835165, 0.6888889, 0.7032967, 0.6813187 ],
[ 0.9230769,        1, 0.9450549, 0.8555556, 0.8351648, 0.5164835, 0.6555556, 0.7362637, 0.6923077 ],
[ 0.9340659, 0.9450549,        1, 0.8444444, 0.8461538, 0.4835165, 0.6444444, 0.7032967, 0.6593407 ],
[ 0.8888889, 0.8555556, 0.8444444,        1, 0.8666667, 0.5444444, 0.7752809, 0.7777778, 0.7444444 ],
[ 0.8681319, 0.8351648, 0.8461538, 0.8666667,        1, 0.5494505, 0.7333333, 0.7692308, 0.7692308 ],
[ 0.4835165, 0.5164835, 0.4835165, 0.5444444, 0.5494505,        1, 0.7444444, 0.6703297, 0.7142857 ],
[ 0.6888889, 0.6555556, 0.6444444, 0.7752809, 0.7333333, 0.7444444,        1, 0.8111111, 0.8222222 ],
[ 0.7032967, 0.7362637, 0.7032967, 0.7777778, 0.7692308, 0.6703297, 0.8111111,        1, 0.8901099 ],
[ 0.6813187, 0.6923077, 0.6593407, 0.7444444, 0.7692308, 0.7142857, 0.8222222, 0.8901099,        1 ] ] 
]
