[
 [ "AScalia", "CThomas", "AMKennedy", "WHRehnquist", "SDOConnor", "JPStevens", "SGBreyer", "DHSouter", "RBGinsburg" ],
[ [       84,       77,       72,       70,       67,       41,       57,       49,       46 ],
[       77,       84,       71,       71,       70,       44,       54,       54,       51 ],
[       72,       71,       84,       74,       75,       49,       61,       55,       54 ],
[       70,       71,       74,       84,       79,       43,       63,       55,       54 ],
[       67,       70,       75,       79,       84,       48,       66,       60,       59 ],
[       41,       44,       49,       43,       48,       84,       62,       69,       71 ],
[       57,       54,       61,       63,       66,       62,       84,       70,       69 ],
[       49,       54,       55,       55,       60,       69,       70,       83,       77 ],
[       46,       51,       54,       54,       59,       71,       69,       77,       84 ] ],
[ "AScalia", "CThomas", "AMKennedy", "WHRehnquist", "SDOConnor", "JPStevens", "SGBreyer", "DHSouter", "RBGinsburg" ],
[ [        1, 0.9166667, 0.8571429, 0.8333333, 0.797619, 0.4880952, 0.6785714, 0.5903614, 0.547619 ],
[ 0.9166667,        1, 0.8452381, 0.8452381, 0.8333333, 0.5238095, 0.6428571, 0.6506024, 0.6071429 ],
[ 0.8571429, 0.8452381,        1, 0.8809524, 0.8928571, 0.5833333, 0.7261905, 0.6626506, 0.6428571 ],
[ 0.8333333, 0.8452381, 0.8809524,        1, 0.9404762, 0.5119048,     0.75, 0.6626506, 0.6428571 ],
[ 0.797619, 0.8333333, 0.8928571, 0.9404762,        1, 0.5714286, 0.7857143, 0.7228916, 0.702381 ],
[ 0.4880952, 0.5238095, 0.5833333, 0.5119048, 0.5714286,        1, 0.7380952, 0.8313253, 0.8452381 ],
[ 0.6785714, 0.6428571, 0.7261905,     0.75, 0.7857143, 0.7380952,        1, 0.8433735, 0.8214286 ],
[ 0.5903614, 0.6506024, 0.6626506, 0.6626506, 0.7228916, 0.8313253, 0.8433735,        1, 0.9277108 ],
[ 0.547619, 0.6071429, 0.6428571, 0.6428571, 0.702381, 0.8452381, 0.8214286, 0.9277108,        1 ] ] 
]
