[
 [ "JPStevens", "SGBreyer", "DHSouter", "RBGinsburg", "WHRehnquist", "AScalia", "CThomas", "SDOConnor", "AMKennedy" ],
[ [       86,       74,       74,       73,       52,       47,       48,       57,       59 ],
[       74,       86,       77,       80,       51,       49,       50,       61,       58 ],
[       74,       77,       86,       82,       57,       53,       54,       63,       64 ],
[       73,       80,       82,       87,       54,       50,       51,       64,       61 ],
[       52,       51,       57,       54,       87,       79,       80,       71,       80 ],
[       47,       49,       53,       50,       79,       87,       86,       68,       72 ],
[       48,       50,       54,       51,       80,       86,       87,       69,       73 ],
[       57,       61,       63,       64,       71,       68,       69,       85,       72 ],
[       59,       58,       64,       61,       80,       72,       73,       72,       87 ] ],
[ "JPStevens", "SGBreyer", "DHSouter", "RBGinsburg", "WHRehnquist", "AScalia", "CThomas", "SDOConnor", "AMKennedy" ],
[ [        1, 0.8705882, 0.8705882, 0.8488372, 0.6046512, 0.5465116, 0.5581395, 0.6705882, 0.6860465 ],
[ 0.8705882,        1, 0.9058824, 0.9302326, 0.5930233, 0.5697674, 0.5813953, 0.7261905, 0.6744186 ],
[ 0.8705882, 0.9058824,        1, 0.9534884, 0.6627907, 0.6162791, 0.627907,     0.75, 0.744186 ],
[ 0.8488372, 0.9302326, 0.9534884,        1, 0.6206897, 0.5747126, 0.5862069, 0.7529412, 0.7011494 ],
[ 0.6046512, 0.5930233, 0.6627907, 0.6206897,        1, 0.908046, 0.9195402, 0.8352941, 0.9195402 ],
[ 0.5465116, 0.5697674, 0.6162791, 0.5747126, 0.908046,        1, 0.9885057,      0.8, 0.8275862 ],
[ 0.5581395, 0.5813953, 0.627907, 0.5862069, 0.9195402, 0.9885057,        1, 0.8117647, 0.8390805 ],
[ 0.6705882, 0.7261905,     0.75, 0.7529412, 0.8352941,      0.8, 0.8117647,        1, 0.8470588 ],
[ 0.6860465, 0.6744186, 0.744186, 0.7011494, 0.9195402, 0.8275862, 0.8390805, 0.8470588,        1 ] ] 
]
