[
 [ "JPStevens", "SGBreyer", "DHSouter", "RBGinsburg", "SDOConnor", "AScalia", "CThomas", "WHRehnquist", "AMKennedy" ],
[ [       85,       73,       71,       75,       54,       44,       49,       51,       53 ],
[       73,       84,       73,       75,       59,       48,       51,       57,       59 ],
[       71,       73,       85,       79,       58,       46,       55,       53,       57 ],
[       75,       75,       79,       85,       57,       46,       53,       57,       59 ],
[       54,       59,       58,       57,       80,       59,       56,       63,       65 ],
[       44,       48,       46,       46,       59,       84,       76,       70,       72 ],
[       49,       51,       55,       53,       56,       76,       85,       71,       75 ],
[       51,       57,       53,       57,       63,       70,       71,       85,       73 ],
[       53,       59,       57,       59,       65,       72,       75,       73,       85 ] ],
[ "JPStevens", "SGBreyer", "DHSouter", "RBGinsburg", "SDOConnor", "AScalia", "CThomas", "WHRehnquist", "AMKennedy" ],
[ [        1, 0.8690476, 0.8352941, 0.8823529,    0.675, 0.5238095, 0.5764706,      0.6, 0.6235294 ],
[ 0.8690476,        1, 0.8690476, 0.8928571, 0.7468354, 0.5783133, 0.6071429, 0.6785714, 0.702381 ],
[ 0.8352941, 0.8690476,        1, 0.9294118,    0.725, 0.547619, 0.6470588, 0.6235294, 0.6705882 ],
[ 0.8823529, 0.8928571, 0.9294118,        1,   0.7125, 0.547619, 0.6235294, 0.6705882, 0.6941176 ],
[    0.675, 0.7468354,    0.725,   0.7125,        1, 0.7468354,      0.7,   0.7875,   0.8125 ],
[ 0.5238095, 0.5783133, 0.547619, 0.547619, 0.7468354,        1, 0.9047619, 0.8333333, 0.8571429 ],
[ 0.5764706, 0.6071429, 0.6470588, 0.6235294,      0.7, 0.9047619,        1, 0.8352941, 0.8823529 ],
[      0.6, 0.6785714, 0.6235294, 0.6705882,   0.7875, 0.8333333, 0.8352941,        1, 0.8588235 ],
[ 0.6235294, 0.702381, 0.6705882, 0.6941176,   0.8125, 0.8571429, 0.8823529, 0.8588235,        1 ] ] 
]
