[
 [ "JPStevens", "SGBreyer", "DHSouter", "RBGinsburg", "AScalia", "CThomas", "SDOConnor", "WHRehnquist", "AMKennedy" ],
[ [       82,       64,       72,       71,       52,       48,       57,       55,       57 ],
[       64,       82,       71,       72,       53,       45,       64,       62,       60 ],
[       72,       71,       83,       76,       57,       51,       66,       64,       62 ],
[       71,       72,       76,       83,       58,       50,       59,       61,       59 ],
[       52,       53,       57,       58,       83,       75,       60,       68,       66 ],
[       48,       45,       51,       50,       75,       82,       58,       64,       64 ],
[       57,       64,       66,       59,       60,       58,       82,       69,       69 ],
[       55,       62,       64,       61,       68,       64,       69,       83,       77 ],
[       57,       60,       62,       59,       66,       64,       69,       77,       83 ] ],
[ "JPStevens", "SGBreyer", "DHSouter", "RBGinsburg", "AScalia", "CThomas", "SDOConnor", "WHRehnquist", "AMKennedy" ],
[ [        1, 0.7901235, 0.8780488, 0.8658537, 0.6341463, 0.5925926, 0.7037037, 0.6707317, 0.695122 ],
[ 0.7901235,        1, 0.8658537, 0.8780488, 0.6463415, 0.5555556, 0.7901235, 0.7560976, 0.7317073 ],
[ 0.8780488, 0.8658537,        1, 0.9156627, 0.686747, 0.6219512, 0.804878, 0.7710843, 0.746988 ],
[ 0.8658537, 0.8780488, 0.9156627,        1, 0.6987952, 0.6097561, 0.7195122, 0.7349398, 0.7108434 ],
[ 0.6341463, 0.6463415, 0.686747, 0.6987952,        1, 0.9146341, 0.7317073, 0.8192771, 0.7951807 ],
[ 0.5925926, 0.5555556, 0.6219512, 0.6097561, 0.9146341,        1, 0.7160494, 0.7804878, 0.7804878 ],
[ 0.7037037, 0.7901235, 0.804878, 0.7195122, 0.7317073, 0.7160494,        1, 0.8414634, 0.8414634 ],
[ 0.6707317, 0.7560976, 0.7710843, 0.7349398, 0.8192771, 0.7804878, 0.8414634,        1, 0.9277108 ],
[ 0.695122, 0.7317073, 0.746988, 0.7108434, 0.7951807, 0.7804878, 0.8414634, 0.9277108,        1 ] ] 
]
