[
 [ "SGBreyer", "RBGinsburg", "JPStevens", "DHSouter", "AScalia", "CThomas", "SDOConnor", "WHRehnquist", "AMKennedy" ],
[ [       77,       71,       67,       65,       47,       46,       62,       54,       55 ],
[       71,       79,       73,       72,       46,       48,       59,       52,       55 ],
[       67,       73,       79,       72,       44,       46,       57,       50,       55 ],
[       65,       72,       72,       78,       45,       45,       56,       49,       54 ],
[       47,       46,       44,       45,       78,       71,       62,       69,       64 ],
[       46,       48,       46,       45,       71,       79,       58,       69,       66 ],
[       62,       59,       57,       56,       62,       58,       78,       68,       67 ],
[       54,       52,       50,       49,       69,       69,       68,       79,       72 ],
[       55,       55,       55,       54,       64,       66,       67,       72,       79 ] ],
[ "SGBreyer", "RBGinsburg", "JPStevens", "DHSouter", "AScalia", "CThomas", "SDOConnor", "WHRehnquist", "AMKennedy" ],
[ [        1, 0.9220779, 0.8701299, 0.8441558, 0.6184211, 0.5974026, 0.8157895, 0.7012987, 0.7142857 ],
[ 0.9220779,        1, 0.9240506, 0.9230769, 0.5897436, 0.6075949, 0.7564103, 0.6582278, 0.6962025 ],
[ 0.8701299, 0.9240506,        1, 0.9230769, 0.5641026, 0.5822785, 0.7307692, 0.6329114, 0.6962025 ],
[ 0.8441558, 0.9230769, 0.9230769,        1, 0.5844156, 0.5769231, 0.7272727, 0.6282051, 0.6923077 ],
[ 0.6184211, 0.5897436, 0.5641026, 0.5844156,        1, 0.9102564, 0.8051948, 0.8846154, 0.8205128 ],
[ 0.5974026, 0.6075949, 0.5822785, 0.5769231, 0.9102564,        1, 0.7435897, 0.8734177, 0.835443 ],
[ 0.8157895, 0.7564103, 0.7307692, 0.7272727, 0.8051948, 0.7435897,        1, 0.8717949, 0.8589744 ],
[ 0.7012987, 0.6582278, 0.6329114, 0.6282051, 0.8846154, 0.8734177, 0.8717949,        1, 0.9113924 ],
[ 0.7142857, 0.6962025, 0.6962025, 0.6923077, 0.8205128, 0.835443, 0.8589744, 0.9113924,        1 ] ] 
]
