[
 [ "JPStevens", "RBGinsburg", "DHSouter", "SGBreyer", "AMKennedy", "JGRoberts", "AScalia", "CThomas", "SDOConnor", "SAAlito" ],
[ [       87,       76,       77,       74,       64,       59,       60,       57,       23,       24 ],
[       76,       87,       74,       75,       69,       65,       65,       60,       23,       30 ],
[       77,       74,       87,       80,       68,       63,       64,       59,       25,       29 ],
[       74,       75,       80,       87,       67,       64,       65,       60,       24,       28 ],
[       64,       69,       68,       67,       87,       71,       75,       72,       23,       39 ],
[       59,       65,       63,       64,       71,       82,       78,       75,       22,       39 ],
[       60,       65,       64,       65,       75,       78,       87,       82,       24,       38 ],
[       57,       60,       59,       60,       72,       75,       82,       86,       22,       39 ],
[       23,       23,       25,       24,       23,       22,       24,       22,       26,        0 ],
[       24,       30,       29,       28,       39,       39,       38,       39,        0,       43 ] ],
[ "AMKennedy", "SAAlito", "CThomas", "AScalia", "JGRoberts", "SDOConnor", "JPStevens", "RBGinsburg", "DHSouter", "SGBreyer" ],
[ [        1, 0.9069767, 0.8372093, 0.862069, 0.8658537, 0.8846154, 0.7356322, 0.7931034, 0.7816092, 0.7701149 ],
[ 0.9069767,        1, 0.9069767, 0.8837209, 0.9512195, null, 0.5581395, 0.6976744, 0.6744186, 0.6511628 ],
[ 0.8372093, 0.9069767,        1, 0.9534884, 0.9259259,     0.88, 0.6627907, 0.6976744, 0.6860465, 0.6976744 ],
[ 0.862069, 0.8837209, 0.9534884,        1, 0.9512195, 0.9230769, 0.6896552, 0.7471264, 0.7356322, 0.7471264 ],
[ 0.8658537, 0.9512195, 0.9259259, 0.9512195,        1, 0.9166667, 0.7195122, 0.7926829, 0.7682927, 0.7804878 ],
[ 0.8846154, null,     0.88, 0.9230769, 0.9166667,        1, 0.8846154, 0.8846154, 0.9615385, 0.9230769 ],
[ 0.7356322, 0.5581395, 0.6627907, 0.6896552, 0.7195122, 0.8846154,        1, 0.8735632, 0.8850575, 0.8505747 ],
[ 0.7931034, 0.6976744, 0.6976744, 0.7471264, 0.7926829, 0.8846154, 0.8735632,        1, 0.8505747, 0.862069 ],
[ 0.7816092, 0.6744186, 0.6860465, 0.7356322, 0.7682927, 0.9615385, 0.8850575, 0.8505747,        1, 0.9195402 ],
[ 0.7701149, 0.6511628, 0.6976744, 0.7471264, 0.7804878, 0.9230769, 0.8505747, 0.862069, 0.9195402,        1 ] ] 
]
