[
 [ "JPStevens", "RBGinsburg", "DHSouter", "SGBreyer", "AScalia", "CThomas", "AMKennedy", "JGRoberts", "SAAlito" ],
[ [       75,       67,       60,       61,       38,       35,       47,       40,       42 ],
[       67,       75,       66,       65,       42,       40,       51,       43,       46 ],
[       60,       66,       74,       65,       43,       41,       54,       48,       49 ],
[       61,       65,       65,       73,       39,       37,       54,       45,       47 ],
[       38,       42,       43,       39,       74,       69,       56,       64,       63 ],
[       35,       40,       41,       37,       69,       74,       55,       61,       61 ],
[       47,       51,       54,       54,       56,       55,       74,       61,       66 ],
[       40,       43,       48,       45,       64,       61,       61,       72,       66 ],
[       42,       46,       49,       47,       63,       61,       66,       66,       75 ] ],
[ "JPStevens", "RBGinsburg", "DHSouter", "SGBreyer", "AScalia", "CThomas", "AMKennedy", "JGRoberts", "SAAlito" ],
[ [        1, 0.8933333, 0.8108108, 0.8356164, 0.5135135, 0.472973, 0.6351351, 0.5555556,     0.56 ],
[ 0.8933333,        1, 0.8918919, 0.890411, 0.5675676, 0.5405405, 0.6891892, 0.5972222, 0.6133333 ],
[ 0.8108108, 0.8918919,        1, 0.9027778, 0.5890411, 0.5616438, 0.739726, 0.6760563, 0.6621622 ],
[ 0.8356164, 0.890411, 0.9027778,        1, 0.5416667, 0.5138889,     0.75, 0.6338028, 0.6438356 ],
[ 0.5135135, 0.5675676, 0.5890411, 0.5416667,        1, 0.9452055, 0.7671233, 0.9014085, 0.8513514 ],
[ 0.472973, 0.5405405, 0.5616438, 0.5138889, 0.9452055,        1, 0.7534247, 0.8591549, 0.8243243 ],
[ 0.6351351, 0.6891892, 0.739726,     0.75, 0.7671233, 0.7534247,        1, 0.8591549, 0.8918919 ],
[ 0.5555556, 0.5972222, 0.6760563, 0.6338028, 0.9014085, 0.8591549, 0.8591549,        1, 0.9166667 ],
[     0.56, 0.6133333, 0.6621622, 0.6438356, 0.8513514, 0.8243243, 0.8918919, 0.9166667,        1 ] ] 
]
