[
 [ "DHSouter", "RBGinsburg", "JPStevens", "SGBreyer", "AScalia", "CThomas", "AMKennedy", "JGRoberts", "SAAlito" ],
[ [       72,       61,       58,       53,       42,       40,       49,       48,       44 ],
[       61,       72,       55,       53,       43,       37,       48,       46,       44 ],
[       58,       55,       72,       56,       42,       36,       49,       46,       45 ],
[       53,       53,       56,       68,       40,       36,       52,       47,       45 ],
[       42,       43,       42,       40,       72,       62,       55,       61,       58 ],
[       40,       37,       36,       36,       62,       72,       47,       57,       56 ],
[       49,       48,       49,       52,       55,       47,       72,       58,       55 ],
[       48,       46,       46,       47,       61,       57,       58,       71,       61 ],
[       44,       44,       45,       45,       58,       56,       55,       61,       71 ] ],
[ "DHSouter", "RBGinsburg", "JPStevens", "SGBreyer", "AScalia", "CThomas", "AMKennedy", "JGRoberts", "SAAlito" ],
[ [        1, 0.8472222, 0.8055556, 0.7794118, 0.5833333, 0.5555556, 0.6805556, 0.6760563, 0.6197183 ],
[ 0.8472222,        1, 0.7638889, 0.7794118, 0.5972222, 0.5138889, 0.6666667, 0.6478873, 0.6197183 ],
[ 0.8055556, 0.7638889,        1, 0.8235294, 0.5833333,      0.5, 0.6805556, 0.6478873, 0.6338028 ],
[ 0.7794118, 0.7794118, 0.8235294,        1, 0.5882353, 0.5294118, 0.7647059, 0.6911765, 0.6716418 ],
[ 0.5833333, 0.5972222, 0.5833333, 0.5882353,        1, 0.8611111, 0.7638889, 0.8591549, 0.8169014 ],
[ 0.5555556, 0.5138889,      0.5, 0.5294118, 0.8611111,        1, 0.6527778, 0.8028169, 0.7887324 ],
[ 0.6805556, 0.6666667, 0.6805556, 0.7647059, 0.7638889, 0.6527778,        1, 0.8169014, 0.7746479 ],
[ 0.6760563, 0.6478873, 0.6478873, 0.6911765, 0.8591549, 0.8028169, 0.8169014,        1, 0.8714286 ],
[ 0.6197183, 0.6197183, 0.6338028, 0.6716418, 0.8169014, 0.7887324, 0.7746479, 0.8714286,        1 ] ] 
]
