[
 [ "SGBreyer", "JPStevens", "DHSouter", "RBGinsburg", "AMKennedy", "JGRoberts", "SAAlito", "AScalia", "CThomas" ],
[ [       83,       69,       65,       66,       60,       53,       53,       49,       47 ],
[       69,       83,       73,       72,       48,       43,       41,       41,       39 ],
[       65,       73,       83,       72,       54,       47,       43,       49,       47 ],
[       66,       72,       72,       83,       55,       44,       44,       46,       44 ],
[       60,       48,       54,       55,       83,       72,       72,       66,       66 ],
[       53,       43,       47,       44,       72,       83,       77,       73,       69 ],
[       53,       41,       43,       44,       72,       77,       83,       73,       71 ],
[       49,       41,       49,       46,       66,       73,       73,       83,       73 ],
[       47,       39,       47,       44,       66,       69,       71,       73,       83 ] ],
[ "SGBreyer", "JPStevens", "DHSouter", "RBGinsburg", "AMKennedy", "JGRoberts", "SAAlito", "AScalia", "CThomas" ],
[ [        1, 0.8313253, 0.7831325, 0.7951807, 0.7228916, 0.6385542, 0.6385542, 0.5903614, 0.5662651 ],
[ 0.8313253,        1, 0.8795181, 0.8674699, 0.5783133, 0.5180723, 0.4939759, 0.4939759, 0.4698795 ],
[ 0.7831325, 0.8795181,        1, 0.8674699, 0.6506024, 0.5662651, 0.5180723, 0.5903614, 0.5662651 ],
[ 0.7951807, 0.8674699, 0.8674699,        1, 0.6626506, 0.5301205, 0.5301205, 0.5542169, 0.5301205 ],
[ 0.7228916, 0.5783133, 0.6506024, 0.6626506,        1, 0.8674699, 0.8674699, 0.7951807, 0.7951807 ],
[ 0.6385542, 0.5180723, 0.5662651, 0.5301205, 0.8674699,        1, 0.9277108, 0.8795181, 0.8313253 ],
[ 0.6385542, 0.4939759, 0.5180723, 0.5301205, 0.8674699, 0.9277108,        1, 0.8795181, 0.8554217 ],
[ 0.5903614, 0.4939759, 0.5903614, 0.5542169, 0.7951807, 0.8795181, 0.8795181,        1, 0.8795181 ],
[ 0.5662651, 0.4698795, 0.5662651, 0.5301205, 0.7951807, 0.8313253, 0.8554217, 0.8795181,        1 ] ] 
]
