[
 [ "JPStevens", "SSotomayor", "RBGinsburg", "SGBreyer", "JGRoberts", "AMKennedy", "SAAlito", "AScalia", "CThomas" ],
[ [       91,       71,       71,       73,       59,       65,       54,       56,       53 ],
[       71,       87,       77,       75,       65,       66,       57,       60,       57 ],
[       71,       77,       93,       80,       71,       73,       67,       62,       63 ],
[       73,       75,       80,       92,       66,       68,       62,       59,       60 ],
[       59,       65,       71,       66,       93,       81,       79,       82,       79 ],
[       65,       66,       73,       68,       81,       93,       77,       76,       69 ],
[       54,       57,       67,       62,       79,       77,       91,       76,       77 ],
[       56,       60,       62,       59,       82,       76,       76,       93,       84 ],
[       53,       57,       63,       60,       79,       69,       77,       84,       93 ] ],
[ "JPStevens", "SGBreyer", "RBGinsburg", "SSotomayor", "AScalia", "CThomas", "AMKennedy", "JGRoberts", "SAAlito" ],
[ [        1, 0.8111111, 0.7802198, 0.8352941, 0.6153846, 0.5824176, 0.7142857, 0.6483516, 0.6067416 ],
[ 0.8111111,        1, 0.8695652, 0.872093, 0.6413043, 0.6521739, 0.7391304, 0.7173913, 0.6888889 ],
[ 0.7802198, 0.8695652,        1, 0.8850575, 0.6666667, 0.6774194, 0.7849462, 0.7634409, 0.7362637 ],
[ 0.8352941, 0.872093, 0.8850575,        1, 0.6896552, 0.6551724, 0.7586207, 0.7471264, 0.6705882 ],
[ 0.6153846, 0.6413043, 0.6666667, 0.6896552,        1, 0.9032258, 0.8172043, 0.8817204, 0.8351648 ],
[ 0.5824176, 0.6521739, 0.6774194, 0.6551724, 0.9032258,        1, 0.7419355, 0.8494624, 0.8461538 ],
[ 0.7142857, 0.7391304, 0.7849462, 0.7586207, 0.8172043, 0.7419355,        1, 0.8709677, 0.8461538 ],
[ 0.6483516, 0.7173913, 0.7634409, 0.7471264, 0.8817204, 0.8494624, 0.8709677,        1, 0.8681319 ],
[ 0.6067416, 0.6888889, 0.7362637, 0.6705882, 0.8351648, 0.8461538, 0.8461538, 0.8681319,        1 ] ] 
]
