[
 [ "AMKennedy", "AScalia", "CThomas", "JGRoberts", "SAAlito", "EKagan", "RBGinsburg", "SGBreyer", "SSotomayor" ],
[ [       82,       69,       71,       73,       72,       38,       54,       60,       58 ],
[       69,       82,       72,       74,       71,       38,       53,       53,       53 ],
[       71,       72,       82,       72,       73,       35,       51,       55,       53 ],
[       73,       74,       72,       81,       77,       36,       51,       57,       55 ],
[       72,       71,       73,       77,       82,       34,       50,       54,       52 ],
[       38,       38,       35,       36,       34,       56,       51,       49,       51 ],
[       54,       53,       51,       51,       50,       51,       82,       70,       68 ],
[       60,       53,       55,       57,       54,       49,       70,       82,       70 ],
[       58,       53,       53,       55,       52,       51,       68,       70,       79 ] ],
[ "RBGinsburg", "SGBreyer", "SSotomayor", "EKagan", "AMKennedy", "AScalia", "CThomas", "JGRoberts", "SAAlito" ],
[ [        1, 0.8536585, 0.8607595, 0.9107143, 0.6585366, 0.6463415, 0.6219512, 0.6296296, 0.6097561 ],
[ 0.8536585,        1, 0.8860759,    0.875, 0.7317073, 0.6463415, 0.6707317, 0.7037037, 0.6585366 ],
[ 0.8607595, 0.8860759,        1, 0.9622642, 0.7341772, 0.6708861, 0.6708861, 0.7051282, 0.6582278 ],
[ 0.9107143,    0.875, 0.9622642,        1, 0.6785714, 0.6785714,    0.625, 0.6545455, 0.6071429 ],
[ 0.6585366, 0.7317073, 0.7341772, 0.6785714,        1, 0.8414634, 0.8658537, 0.9012346, 0.8780488 ],
[ 0.6463415, 0.6463415, 0.6708861, 0.6785714, 0.8414634,        1, 0.8780488, 0.9135802, 0.8658537 ],
[ 0.6219512, 0.6707317, 0.6708861,    0.625, 0.8658537, 0.8780488,        1, 0.8888889, 0.8902439 ],
[ 0.6296296, 0.7037037, 0.7051282, 0.6545455, 0.9012346, 0.9135802, 0.8888889,        1, 0.9506173 ],
[ 0.6097561, 0.6585366, 0.6582278, 0.6071429, 0.8780488, 0.8658537, 0.8902439, 0.9506173,        1 ] ] 
]
