[
 [ "SSotomayor", "EKagan", "RBGinsburg", "SGBreyer", "AMKennedy", "AScalia", "CThomas", "JGRoberts", "SAAlito" ],
[ [       76,       61,       64,       61,       57,       48,       49,       53,       47 ],
[       61,       73,       62,       60,       58,       48,       49,       52,       50 ],
[       64,       62,       77,       64,       54,       43,       42,       48,       44 ],
[       61,       60,       64,       77,       59,       44,       47,       53,       51 ],
[       57,       58,       54,       59,       76,       58,       61,       63,       61 ],
[       48,       48,       43,       44,       58,       77,       72,       66,       68 ],
[       49,       49,       42,       47,       61,       72,       77,       67,       69 ],
[       53,       52,       48,       53,       63,       66,       67,       76,       69 ],
[       47,       50,       44,       51,       61,       68,       69,       69,       77 ] ],
[ "SSotomayor", "EKagan", "RBGinsburg", "SGBreyer", "AMKennedy", "AScalia", "CThomas", "JGRoberts", "SAAlito" ],
[ [        1, 0.8472222, 0.8421053, 0.8026316,     0.76, 0.6315789, 0.6447368, 0.7066667, 0.6184211 ],
[ 0.8472222,        1, 0.8493151, 0.8219178, 0.8055556, 0.6575342, 0.6712329, 0.7222222, 0.6849315 ],
[ 0.8421053, 0.8493151,        1, 0.8311688, 0.7105263, 0.5584416, 0.5454545, 0.6315789, 0.5714286 ],
[ 0.8026316, 0.8219178, 0.8311688,        1, 0.7763158, 0.5714286, 0.6103896, 0.6973684, 0.6623377 ],
[     0.76, 0.8055556, 0.7105263, 0.7763158,        1, 0.7631579, 0.8026316,     0.84, 0.8026316 ],
[ 0.6315789, 0.6575342, 0.5584416, 0.5714286, 0.7631579,        1, 0.9350649, 0.8684211, 0.8831169 ],
[ 0.6447368, 0.6712329, 0.5454545, 0.6103896, 0.8026316, 0.9350649,        1, 0.8815789, 0.8961039 ],
[ 0.7066667, 0.7222222, 0.6315789, 0.6973684,     0.84, 0.8684211, 0.8815789,        1, 0.9078947 ],
[ 0.6184211, 0.6849315, 0.5714286, 0.6623377, 0.8026316, 0.8831169, 0.8961039, 0.9078947,        1 ] ] 
]
