[
 [ "SGBreyer", "SSotomayor", "RBGinsburg", "EKagan", "JGRoberts", "AMKennedy", "AScalia", "CThomas", "SAAlito" ],
[ [       74,       65,       65,       64,       62,       62,       56,       56,       56 ],
[       65,       74,       66,       65,       58,       58,       56,       54,       54 ],
[       65,       66,       75,       67,       58,       60,       60,       56,       56 ],
[       64,       65,       67,       73,       59,       61,       61,       57,       55 ],
[       62,       58,       58,       59,       75,       69,       67,       65,       63 ],
[       62,       58,       60,       61,       69,       75,       63,       61,       65 ],
[       56,       56,       60,       61,       67,       63,       75,       71,       66 ],
[       56,       54,       56,       57,       65,       61,       71,       75,       70 ],
[       56,       54,       56,       55,       63,       65,       66,       70,       74 ] ],
[ "RBGinsburg", "EKagan", "SGBreyer", "SSotomayor", "JGRoberts", "AMKennedy", "AScalia", "CThomas", "SAAlito" ],
[ [        1, 0.9178082, 0.8783784, 0.8918919, 0.7733333,      0.8,      0.8, 0.7466667, 0.7567568 ],
[ 0.9178082,        1, 0.8888889, 0.9027778, 0.8082192, 0.8356164, 0.8356164, 0.7808219, 0.7638889 ],
[ 0.8783784, 0.8888889,        1, 0.890411, 0.8378378, 0.8378378, 0.7567568, 0.7567568, 0.7671233 ],
[ 0.8918919, 0.9027778, 0.890411,        1, 0.7837838, 0.7837838, 0.7567568, 0.7297297, 0.739726 ],
[ 0.7733333, 0.8082192, 0.8378378, 0.7837838,        1,     0.92, 0.8933333, 0.8666667, 0.8513514 ],
[      0.8, 0.8356164, 0.8378378, 0.7837838,     0.92,        1,     0.84, 0.8133333, 0.8783784 ],
[      0.8, 0.8356164, 0.7567568, 0.7567568, 0.8933333,     0.84,        1, 0.9466667, 0.8918919 ],
[ 0.7466667, 0.7808219, 0.7567568, 0.7297297, 0.8666667, 0.8133333, 0.9466667,        1, 0.9459459 ],
[ 0.7567568, 0.7638889, 0.7671233, 0.739726, 0.8513514, 0.8783784, 0.8918919, 0.9459459,        1 ] ] 
]
