[
 [ "AMKennedy", "RBGinsburg", "EKagan", "SGBreyer", "SSotomayor", "JGRoberts", "AScalia", "CThomas", "SAAlito" ],
[ [       74,       58,       62,       58,       61,       52,       53,       48,       52 ],
[       58,       74,       70,       68,       67,       52,       45,       42,       44 ],
[       62,       70,       74,       68,       67,       50,       49,       42,       44 ],
[       58,       68,       68,       72,       67,       53,       46,       38,       46 ],
[       61,       67,       67,       67,       74,       51,       44,       37,       45 ],
[       52,       52,       50,       53,       51,       74,       63,       52,       60 ],
[       53,       45,       49,       46,       44,       63,       74,       59,       59 ],
[       48,       42,       42,       38,       37,       52,       59,       74,       60 ],
[       52,       44,       44,       46,       45,       60,       59,       60,       74 ] ],
[ "AMKennedy", "SSotomayor", "SGBreyer", "RBGinsburg", "EKagan", "JGRoberts", "AScalia", "CThomas", "SAAlito" ],
[ [        1, 0.8243243, 0.8055556, 0.7837838, 0.8378378, 0.7027027, 0.7162162, 0.6486486, 0.7027027 ],
[ 0.8243243,        1, 0.9305556, 0.9054054, 0.9054054, 0.6891892, 0.5945946,      0.5, 0.6081081 ],
[ 0.8055556, 0.9305556,        1, 0.9444444, 0.9444444, 0.7361111, 0.6388889, 0.5277778, 0.6388889 ],
[ 0.7837838, 0.9054054, 0.9444444,        1, 0.9459459, 0.7027027, 0.6081081, 0.5675676, 0.5945946 ],
[ 0.8378378, 0.9054054, 0.9444444, 0.9459459,        1, 0.6756757, 0.6621622, 0.5675676, 0.5945946 ],
[ 0.7027027, 0.6891892, 0.7361111, 0.7027027, 0.6756757,        1, 0.8513514, 0.7027027, 0.8108108 ],
[ 0.7162162, 0.5945946, 0.6388889, 0.6081081, 0.6621622, 0.8513514,        1, 0.7972973, 0.7972973 ],
[ 0.6486486,      0.5, 0.5277778, 0.5675676, 0.5675676, 0.7027027, 0.7972973,        1, 0.8108108 ],
[ 0.7027027, 0.6081081, 0.6388889, 0.5945946, 0.5945946, 0.8108108, 0.7972973, 0.8108108,        1 ] ] 
]
