[
 [ "AScalia", "CThomas", "SAAlito", "RBGinsburg", "SSotomayor", "JGRoberts", "SGBreyer", "AMKennedy", "EKagan" ],
[ [       18,       16,       16,       13,       12,       16,       15,       15,       15 ],
[       16,       77,       58,       48,       48,       58,       52,       55,       51 ],
[       16,       58,       75,       55,       49,       62,       58,       61,       59 ],
[       13,       48,       55,       77,       66,       61,       67,       66,       67 ],
[       12,       48,       49,       66,       76,       59,       62,       60,       60 ],
[       16,       58,       62,       61,       59,       77,       65,       68,       66 ],
[       15,       52,       58,       67,       62,       65,       77,       70,       71 ],
[       15,       55,       61,       66,       60,       68,       70,       77,       72 ],
[       15,       51,       59,       67,       60,       66,       71,       72,       76 ] ],
[ "CThomas", "AScalia", "SAAlito", "RBGinsburg", "SSotomayor", "JGRoberts", "SGBreyer", "AMKennedy", "EKagan" ],
[ [        1, 0.8888889, 0.7733333, 0.6233766, 0.6315789, 0.7532468, 0.6753247, 0.7142857, 0.6710526 ],
[ 0.8888889,        1, 0.9411765, 0.7222222, 0.6666667, 0.8888889, 0.8333333, 0.8333333, 0.8333333 ],
[ 0.7733333, 0.9411765,        1, 0.7333333, 0.6621622, 0.8266667, 0.7733333, 0.8133333, 0.7972973 ],
[ 0.6233766, 0.7222222, 0.7333333,        1, 0.8684211, 0.7922078, 0.8701299, 0.8571429, 0.8815789 ],
[ 0.6315789, 0.6666667, 0.6621622, 0.8684211,        1, 0.7763158, 0.8157895, 0.7894737,      0.8 ],
[ 0.7532468, 0.8888889, 0.8266667, 0.7922078, 0.7763158,        1, 0.8441558, 0.8831169, 0.8684211 ],
[ 0.6753247, 0.8333333, 0.7733333, 0.8701299, 0.8157895, 0.8441558,        1, 0.9090909, 0.9342105 ],
[ 0.7142857, 0.8333333, 0.8133333, 0.8571429, 0.7894737, 0.8831169, 0.9090909,        1, 0.9473684 ],
[ 0.6710526, 0.8333333, 0.7972973, 0.8815789,      0.8, 0.8684211, 0.9342105, 0.9473684,        1 ] ] 
]
