[
 [ "NMGorsuch", "CThomas", "SAAlito", "JGRoberts", "AMKennedy", "RBGinsburg", "SSotomayor", "SGBreyer", "EKagan" ],
[ [       17,       17,       16,       15,       14,       11,        9,       11,       11 ],
[       17,       69,       65,       58,       55,       47,       46,       50,       48 ],
[       16,       65,       69,       62,       59,       49,       50,       52,       52 ],
[       15,       58,       62,       68,       62,       54,       55,       57,       57 ],
[       14,       55,       59,       62,       69,       57,       58,       62,       60 ],
[       11,       47,       49,       54,       57,       69,       63,       60,       61 ],
[        9,       46,       50,       55,       58,       63,       68,       58,       60 ],
[       11,       50,       52,       57,       62,       60,       58,       69,       62 ],
[       11,       48,       52,       57,       60,       61,       60,       62,       67 ] ],
[ "NMGorsuch", "CThomas", "SAAlito", "JGRoberts", "AMKennedy", "SGBreyer", "EKagan", "RBGinsburg", "SSotomayor" ],
[ [        1,        1, 0.9411765, 0.8823529, 0.8235294, 0.6470588, 0.6470588, 0.6470588, 0.5294118 ],
[        1,        1, 0.942029, 0.8529412, 0.7971014, 0.7246377, 0.7164179, 0.6811594, 0.6764706 ],
[ 0.9411765, 0.942029,        1, 0.9117647, 0.8550725, 0.7536232, 0.7761194, 0.7101449, 0.7352941 ],
[ 0.8823529, 0.8529412, 0.9117647,        1, 0.9117647, 0.8382353, 0.8636364, 0.7941176, 0.8208955 ],
[ 0.8235294, 0.7971014, 0.8550725, 0.9117647,        1, 0.8985507, 0.8955224, 0.826087, 0.8529412 ],
[ 0.6470588, 0.7246377, 0.7536232, 0.8382353, 0.8985507,        1, 0.9253731, 0.8695652, 0.8529412 ],
[ 0.6470588, 0.7164179, 0.7761194, 0.8636364, 0.8955224, 0.9253731,        1, 0.9104478, 0.8955224 ],
[ 0.6470588, 0.6811594, 0.7101449, 0.7941176, 0.826087, 0.8695652, 0.9104478,        1, 0.9264706 ],
[ 0.5294118, 0.6764706, 0.7352941, 0.8208955, 0.8529412, 0.8529412, 0.8955224, 0.9264706,        1 ] ] 
]
