[
 [ "RBGinsburg", "SSotomayor", "SGBreyer", "EKagan", "JGRoberts", "AMKennedy", "NMGorsuch", "CThomas", "SAAlito" ],
[ [       75,       72,       67,       65,       52,       51,       43,       43,       42 ],
[       72,       75,       68,       66,       51,       50,       41,       40,       39 ],
[       67,       68,       75,       67,       54,       51,       45,       43,       42 ],
[       65,       66,       67,       72,       53,       52,       45,       44,       43 ],
[       52,       51,       54,       53,       75,       68,       60,       60,       59 ],
[       51,       50,       51,       52,       68,       75,       62,       63,       62 ],
[       43,       41,       45,       45,       60,       62,       72,       59,       60 ],
[       43,       40,       43,       44,       60,       63,       59,       74,       70 ],
[       42,       39,       42,       43,       59,       62,       60,       70,       75 ] ],
[ "RBGinsburg", "SSotomayor", "SGBreyer", "EKagan", "JGRoberts", "AMKennedy", "NMGorsuch", "CThomas", "SAAlito" ],
[ [        1,     0.96, 0.8933333, 0.9027778, 0.6933333,     0.68, 0.5972222, 0.5810811,     0.56 ],
[     0.96,        1, 0.9066667, 0.9166667,     0.68, 0.6666667, 0.5694444, 0.5405405,     0.52 ],
[ 0.8933333, 0.9066667,        1, 0.9305556,     0.72,     0.68,    0.625, 0.5810811,     0.56 ],
[ 0.9027778, 0.9166667, 0.9305556,        1, 0.7361111, 0.7222222, 0.6521739, 0.6197183, 0.5972222 ],
[ 0.6933333,     0.68,     0.72, 0.7361111,        1, 0.9066667, 0.8333333, 0.8108108, 0.7866667 ],
[     0.68, 0.6666667,     0.68, 0.7222222, 0.9066667,        1, 0.8611111, 0.8513514, 0.8266667 ],
[ 0.5972222, 0.5694444,    0.625, 0.6521739, 0.8333333, 0.8611111,        1, 0.8309859, 0.8333333 ],
[ 0.5810811, 0.5405405, 0.5810811, 0.6197183, 0.8108108, 0.8513514, 0.8309859,        1, 0.9459459 ],
[     0.56,     0.52,     0.56, 0.5972222, 0.7866667, 0.8266667, 0.8333333, 0.9459459,        1 ] ] 
]
