[
 [ "SSotomayor", "EKagan", "RBGinsburg", "SGBreyer", "CThomas", "SAAlito", "NMGorsuch", "JGRoberts", "BMKavanaugh" ],
[ [       59,       51,       52,       50,       27,       28,       39,       42,       39 ],
[       51,       59,       51,       53,       31,       34,       41,       48,       43 ],
[       52,       51,       60,       56,       31,       32,       39,       44,       41 ],
[       50,       53,       56,       60,       33,       34,       41,       46,       43 ],
[       27,       31,       31,       33,       60,       55,       48,       43,       46 ],
[       28,       34,       32,       34,       55,       60,       47,       46,       47 ],
[       39,       41,       39,       41,       48,       47,       60,       51,       52 ],
[       42,       48,       44,       46,       43,       46,       51,       60,       55 ],
[       39,       43,       41,       43,       46,       47,       52,       55,       59 ] ],
[ "SSotomayor", "EKagan", "RBGinsburg", "SGBreyer", "CThomas", "SAAlito", "NMGorsuch", "JGRoberts", "BMKavanaugh" ],
[ [        1, 0.8793103, 0.8813559, 0.8474576, 0.4576271, 0.4745763, 0.6610169, 0.7118644, 0.6724138 ],
[ 0.8793103,        1, 0.8644068, 0.8983051, 0.5254237, 0.5762712, 0.6949153, 0.8135593, 0.7413793 ],
[ 0.8813559, 0.8644068,        1, 0.9333333, 0.5166667, 0.5333333,     0.65, 0.7333333, 0.6949153 ],
[ 0.8474576, 0.8983051, 0.9333333,        1,     0.55, 0.5666667, 0.6833333, 0.7666667, 0.7288136 ],
[ 0.4576271, 0.5254237, 0.5166667,     0.55,        1, 0.9166667,      0.8, 0.7166667, 0.779661 ],
[ 0.4745763, 0.5762712, 0.5333333, 0.5666667, 0.9166667,        1, 0.7833333, 0.7666667, 0.7966102 ],
[ 0.6610169, 0.6949153,     0.65, 0.6833333,      0.8, 0.7833333,        1,     0.85, 0.8813559 ],
[ 0.7118644, 0.8135593, 0.7333333, 0.7666667, 0.7166667, 0.7666667,     0.85,        1, 0.9322034 ],
[ 0.6724138, 0.7413793, 0.6949153, 0.7288136, 0.779661, 0.7966102, 0.8813559, 0.9322034,        1 ] ] 
]
