[
 [ "EKagan", "SGBreyer", "SSotomayor", "ACBarrett", "JGRoberts", "BMKavanaugh", "SAAlito", "CThomas", "NMGorsuch" ],
[ [       65,       60,       58,       38,       46,       48,       37,       44,       46 ],
[       60,       65,       61,       35,       47,       49,       38,       41,       43 ],
[       58,       61,       65,       33,       43,       45,       37,       39,       41 ],
[       38,       35,       33,       53,       46,       48,       44,       44,       47 ],
[       46,       47,       43,       46,       65,       63,       54,       49,       53 ],
[       48,       49,       45,       48,       63,       65,       54,       49,       55 ],
[       37,       38,       37,       44,       54,       54,       64,       52,       56 ],
[       44,       41,       39,       44,       49,       49,       52,       65,       57 ],
[       46,       43,       41,       47,       53,       55,       56,       57,       65 ] ],
[ "EKagan", "SGBreyer", "SSotomayor", "JGRoberts", "BMKavanaugh", "CThomas", "SAAlito", "NMGorsuch", "ACBarrett" ],
[ [        1, 0.9230769, 0.8923077, 0.7076923, 0.7384615, 0.6769231, 0.578125, 0.7076923, 0.7169811 ],
[ 0.9230769,        1, 0.9384615, 0.7230769, 0.7538462, 0.6307692,  0.59375, 0.6615385, 0.6603774 ],
[ 0.8923077, 0.9384615,        1, 0.6615385, 0.6923077,      0.6, 0.578125, 0.6307692, 0.6226415 ],
[ 0.7076923, 0.7230769, 0.6615385,        1, 0.9692308, 0.7538462,  0.84375, 0.8153846, 0.8679245 ],
[ 0.7384615, 0.7538462, 0.6923077, 0.9692308,        1, 0.7538462,  0.84375, 0.8461538, 0.9056604 ],
[ 0.6769231, 0.6307692,      0.6, 0.7538462, 0.7538462,        1,   0.8125, 0.8769231, 0.8301887 ],
[ 0.578125,  0.59375, 0.578125,  0.84375,  0.84375,   0.8125,        1,    0.875, 0.8461538 ],
[ 0.7076923, 0.6615385, 0.6307692, 0.8153846, 0.8461538, 0.8769231,    0.875,        1, 0.8867925 ],
[ 0.7169811, 0.6603774, 0.6226415, 0.8679245, 0.9056604, 0.8301887, 0.8461538, 0.8867925,        1 ] ] 
]
