[
 [ "SSotomayor", "SGBreyer", "EKagan", "JGRoberts", "BMKavanaugh", "NMGorsuch", "CThomas", "SAAlito", "ACBarrett" ],
[ [       64,       55,       58,       35,       34,       33,       25,       27,       29 ],
[       55,       64,       57,       40,       39,       34,       30,       32,       34 ],
[       58,       57,       64,       41,       40,       37,       31,       33,       35 ],
[       35,       40,       41,       64,       63,       46,       50,       56,       54 ],
[       34,       39,       40,       63,       64,       47,       51,       57,       55 ],
[       33,       34,       37,       46,       47,       64,       50,       52,       50 ],
[       25,       30,       31,       50,       51,       50,       64,       58,       54 ],
[       27,       32,       33,       56,       57,       52,       58,       64,       56 ],
[       29,       34,       35,       54,       55,       50,       54,       56,       62 ] ],
[ "SSotomayor", "SGBreyer", "EKagan", "JGRoberts", "BMKavanaugh", "NMGorsuch", "CThomas", "SAAlito", "ACBarrett" ],
[ [        1, 0.859375,  0.90625, 0.546875,  0.53125, 0.515625, 0.390625, 0.421875, 0.4677419 ],
[ 0.859375,        1, 0.890625,    0.625, 0.609375,  0.53125,  0.46875,      0.5, 0.5483871 ],
[  0.90625, 0.890625,        1, 0.640625,    0.625, 0.578125, 0.484375, 0.515625, 0.5645161 ],
[ 0.546875,    0.625, 0.640625,        1, 0.984375,  0.71875,  0.78125,    0.875, 0.8709677 ],
[  0.53125, 0.609375,    0.625, 0.984375,        1, 0.734375, 0.796875, 0.890625, 0.8870968 ],
[ 0.515625,  0.53125, 0.578125,  0.71875, 0.734375,        1,  0.78125,   0.8125, 0.8064516 ],
[ 0.390625,  0.46875, 0.484375,  0.78125, 0.796875,  0.78125,        1,  0.90625, 0.8709677 ],
[ 0.421875,      0.5, 0.515625,    0.875, 0.890625,   0.8125,  0.90625,        1, 0.9032258 ],
[ 0.4677419, 0.5483871, 0.5645161, 0.8709677, 0.8870968, 0.8064516, 0.8709677, 0.9032258,        1 ] ] 
]
