[
 [ "CThomas", "SAAlito", "NMGorsuch", "KBJackson", "SSotomayor", "EKagan", "ACBarrett", "JGRoberts", "BMKavanaugh" ],
[ [       58,       49,       45,       37,       39,       38,       48,       43,       42 ],
[       49,       58,       50,       38,       36,       35,       45,       46,       47 ],
[       45,       50,       58,       40,       42,       41,       47,       44,       47 ],
[       37,       38,       40,       57,       53,       50,       43,       46,       47 ],
[       39,       36,       42,       53,       58,       55,       45,       44,       45 ],
[       38,       35,       41,       50,       55,       58,       46,       47,       46 ],
[       48,       45,       47,       43,       45,       46,       58,       51,       52 ],
[       43,       46,       44,       46,       44,       47,       51,       58,       55 ],
[       42,       47,       47,       47,       45,       46,       52,       55,       58 ] ],
[ "CThomas", "SAAlito", "NMGorsuch", "KBJackson", "SSotomayor", "EKagan", "ACBarrett", "JGRoberts", "BMKavanaugh" ],
[ [        1, 0.8448276, 0.7758621, 0.6491228, 0.6724138, 0.6551724, 0.8275862, 0.7413793, 0.7241379 ],
[ 0.8448276,        1, 0.862069, 0.6666667, 0.6206897, 0.6034483, 0.7758621, 0.7931034, 0.8103448 ],
[ 0.7758621, 0.862069,        1, 0.7017544, 0.7241379, 0.7068966, 0.8103448, 0.7586207, 0.8103448 ],
[ 0.6491228, 0.6666667, 0.7017544,        1, 0.9298246, 0.877193, 0.754386, 0.8070175, 0.8245614 ],
[ 0.6724138, 0.6206897, 0.7241379, 0.9298246,        1, 0.9482759, 0.7758621, 0.7586207, 0.7758621 ],
[ 0.6551724, 0.6034483, 0.7068966, 0.877193, 0.9482759,        1, 0.7931034, 0.8103448, 0.7931034 ],
[ 0.8275862, 0.7758621, 0.8103448, 0.754386, 0.7758621, 0.7931034,        1, 0.8793103, 0.8965517 ],
[ 0.7413793, 0.7931034, 0.7586207, 0.8070175, 0.7586207, 0.8103448, 0.8793103,        1, 0.9482759 ],
[ 0.7241379, 0.8103448, 0.8103448, 0.8245614, 0.7758621, 0.7931034, 0.8965517, 0.9482759,        1 ] ] 
]
